Curve Ethyl_Acetate_Experimental
0.9453457593917847 0.0009153483508227466
0.9479479789733887 0.0009313423533339401
0.9505502581596375 0.0009477958306893932
0.9531524777412415 0.0009647206859187679
0.9557546973228455 0.0009821411725637074
0.9583569169044495 0.0010000751004204736
0.9609591364860535 0.0010185435011580183
0.9635613560676575 0.0010375705388215209
0.9661635756492615 0.0010571801984632335
0.9687657952308655 0.0010773963756389449
0.9713680148124695 0.001098246277273596
0.9739702939987183 0.0011197567523062767
0.9765725135803223 0.001141957961045228
0.9791747331619263 0.001164882838189065
0.9817769527435303 0.0011885645869257931
0.9843791723251343 0.001213036052457563
0.9869813919067383 0.0012383363447389802
0.9895836114883423 0.0012645044842281856
0.9921858310699463 0.0012915826237595476
0.9947880506515503 0.0013196156010613427
0.9973903298377991 0.0013486546976072295
0.9999925494194031 0.0013787447511254846
1.002594709396362 0.0014099459032396655
1.005196928977966 0.0014423153421900294
1.00779926776886 0.0014759129411107427
1.010401487350464 0.001510807880768189
1.013003706932068 0.0015470689839428967
1.015605926513672 0.001584774739033467
1.018208146095276 0.0016240060508430183
1.02081036567688 0.0016648527738210316
1.023412585258484 0.0017074113851552968
1.026014804840088 0.001751780867934585
1.028617024421692 0.001798072018780866
1.031219244003296 0.0018464113856937077
1.0338214635849 0.0018969219368141334
1.036423683166504 0.0019497477614485823
1.039025902748108 0.0020050420775427832
1.041628122329712 0.002062967052688828
1.044230341911316 0.0021237117034178955
1.04683256149292 0.0021874684471267837
1.049434781074524 0.002254453507271615
1.052037000656128 0.0023249069133678356
1.054639220237732 0.002399090174082163
1.057241559028625 0.002477288246154785
1.059843778610229 0.0025598197369962124
1.062445998191833 0.0026470329668428806
1.065048217773438 0.0027393183192691286
1.067650437355042 0.002837102155427675
1.070252656936646 0.0029408707991018667
1.07285487651825 0.0030511410028726846
1.075457096099854 0.0031685585732216578
1.078059315681458 0.0032937537442456486
1.080661535263062 0.003427507641079189
1.083263754844666 0.0035706905273345853
1.08586597442627 0.003724264311002898
1.088468194007874 0.003889369535016583
1.091070413589478 0.004067237312729294
1.093672633171082 0.004259369394800684
1.096274852752686 0.0044674475987752284
1.09887707233429 0.004693453376357619
1.101479291915894 0.004939699674153829
1.104081630706787 0.005208798714944192
1.106683850288391 0.005503993850570541
1.109286069869995 0.005829008849891457
1.111888289451599 0.006188348248914199
1.114490509033203 0.006587447346867742
1.117092728614807 0.007032822560261679
1.119694948196411 0.0075324927722369575
1.122297167778015 0.008096396386086403
1.124899387359619 0.00873684668326163
1.127501606941223 0.009469309368649044
1.130103826522827 0.010313663396749412
1.132706046104431 0.011295375165280636
1.135308265686035 0.01244786838153461
1.137910485267639 0.013815614912245009
1.140512704849243 0.0154586783400527
1.143114924430847 0.017460059833240223
1.145717144012451 0.01993672625796573
1.148319363594055 0.023057777244407492
1.150921702384949 0.027074894031604846
1.153523921966553 0.032374774371539516
1.156126141548157 0.03957507560203024
1.158728361129761 0.049705104426936694
1.161330580711365 0.06457087084337756
1.163932800292969 0.08752702592729447
1.166535019874573 0.12518137568110102
1.169137239456177 0.19110630940388632
1.171739459037781 0.3114204292182808
1.174341678619385 0.5078048018721847
1.176943898200989 0.6497597450966591
1.179546117782593 0.5179609693922438
1.182148337364197 0.3200780736791477
1.184750556945801 0.19755224279455236
1.187352776527405 0.13085585814696532
1.189954996109009 0.09330510663556622
1.192557215690613 0.07091501596811654
1.195159435272217 0.056888288205808345
1.19776177406311 0.047793394094472884
1.200363993644714 0.04179909852173952
1.202966213226318 0.037877778749208196
1.205568432807922 0.0354309311142197
1.208170652389526 0.03410360261842655
1.21077287197113 0.033690088862055406
1.213375091552734 0.034083183105285464
1.215977311134338 0.0352477483205251
1.218579530715942 0.03721171313219958
1.221181750297546 0.04006396399603949
1.22378396987915 0.043966665640249605
1.226386189460754 0.04917777694381393
1.228988409042358 0.056091291410428984
1.231590628623962 0.06531081328520903
1.234192848205566 0.07777417386258327
1.23679506778717 0.09498558388100015
1.239397287368774 0.11945045173347173
1.241999506950378 0.15554354785082936
1.244601845741272 0.21134023122243337
1.247204065322876 0.30264564033027175
1.24980628490448 0.46184986561268293
1.252408504486084 0.7527117113451341
1.255010724067688 1.2443453585421358
1.257612943649292 1.6771592148789414
1.260215163230896 1.4113123438379787
1.2628173828125 0.8777447491436751
1.265419602394104 0.5309459239512949
1.268021821975708 0.34107508387293545
1.270624041557312 0.2341453391868431
1.273226261138916 0.17004745070998734
1.27582848072052 0.12927988413217903
1.278430700302124 0.10204354134407843
1.281032919883728 0.08312252262333135
1.283635139465332 0.06957897839245496
1.286237359046936 0.059673876375765406
1.28883957862854 0.05233753765667523
1.291441917419434 0.046890089819739154
1.294044137001038 0.04289489608627183
1.296646356582642 0.04007117239920586
1.299248576164246 0.03825014990729255
1.30185079574585 0.03734744704879442
1.304453015327454 0.03735435474384297
1.307055234909058 0.03834023919549432
1.309657454490662 0.0404726721502997
1.312259674072266 0.04405465569940057
1.31486189365387 0.049603602549693246
1.317464113235474 0.057999699681370816
1.320066332817078 0.0707777785109328
1.322668552398682 0.09073633761019322
1.325270771980286 0.12325945559206668
1.32787299156189 0.17926005916194512
1.330475211143494 0.2810045076204134
1.333077430725098 0.4636786750129036
1.335679650306702 0.6955104976802976
1.338281989097595 0.6976276202960775
1.340884208679199 0.4656937057907517
1.343486428260803 0.2807008897936022
1.346088647842407 0.17706096064937005
1.348690867424011 0.11956996745891399
1.351293087005615 0.08572672938441372
1.353895306587219 0.06448438718870238
1.356497526168823 0.05038498543404243
1.359099745750427 0.04058108172259174
1.361701965332031 0.0334966963117903
1.364304184913635 0.02821072014244469
1.366906404495239 0.024159219529893663
1.369508624076843 0.020982132301674235
1.372110843658447 0.01844150096446544
1.374713063240051 0.016375165085892776
1.377315282821655 0.014669580144567174
1.379917502403259 0.013243423209892021
1.382519721984863 0.012037207056452203
1.385121941566467 0.011006546450090839
1.387724280357361 0.010117837974617072
1.390326499938965 0.009345255098543366
1.392928719520569 0.008668648946034658
1.395530939102173 0.008072132104867931
1.398133158683777 0.00754300323692528
1.400735378265381 0.007071111295316313
1.403337597846985 0.006648047908290369
1.405939817428589 0.0062670270959894235
1.408542037010193 0.0059224324183421075
1.411144256591797 0.005609519488818652
1.413746476173401 0.0053243243300520994
1.416348695755005 0.005063543448577057
1.418950915336609 0.004824354483916595
1.421553134918213 0.004604264422579928
1.424155354499817 0.00440126138406473
1.426757574081421 0.004213513554753483
1.429359793663025 0.004039459400348835
1.431962013244629 0.0038777478822358737
1.434564352035522 0.003727177241901021
1.437166571617126 0.003586726861673075
1.43976879119873 0.0034554953331703904
1.442371010780334 0.0033326127507665136
1.444973230361938 0.0032173874857905405
1.447575449943542 0.003109159054340901
1.450177669525146 0.003007387255763147
1.45277988910675 0.002911528488537213
1.455382108688354 0.0028211320484722697
1.457984328269958 0.002735777839168056
1.460586547851562 0.002655090154470266
1.463188767433167 0.0025787326666685912
1.465790987014771 0.002506399476850355
1.468393206596375 0.0024378018694238977
1.470995426177979 0.002372693729114246
1.473597645759583 0.002310840754179625
1.476199865341187 0.0022520270791497672
1.478802084922791 0.0021960631505147116
1.481404423713684 0.0021427656795169497
1.484006643295288 0.0020919730355431726
1.486608862876892 0.002043537549428396
1.489211082458496 0.0019973153108591075
1.4918133020401 0.001953177265934758
1.494415521621704 0.0019110120810545959
1.497017741203308 0.0018707026948441973
1.499619960784912 0.001832150124214791
1.502222180366516 0.0017952612928442053
1.50482439994812 0.0017599490311768677
1.507426619529724 0.001726126169657206
1.510028839111328 0.0016937237960082275
1.512631058692932 0.0016626667332004857
1.515233278274536 0.0016328919757235875
1.51783549785614 0.0016043332961944488
1.520437717437744 0.001576936996734894
1.523039937019348 0.001550648663495038
1.525642156600952 0.0015254174624835407
1.528244495391846 0.0015011951551065074
1.53084671497345 0.001477939946515424
1.533448934555054 0.0014556066409961597
1.536051154136658 0.0014341561285941093
1.538653373718262 0.0014135555641071216
1.541255593299866 0.0013937657480841286
1.54385781288147 0.001374759742089578
1.546460032463074 0.0013565014790486289
1.549062252044678 0.0013389639310292655
1.551664471626282 0.0013221201595959363
1.554266691207886 0.0013059459112069985
1.55686891078949 0.0012904144264198278
1.559471130371094 0.001275504494572545
1.562073349952698 0.0012611951734926607
1.564675569534302 0.0012474624781279235
1.567277789115906 0.0012342912835759802
1.56988000869751 0.0012216606476643424
1.572482228279114 0.0012095555349871205
1.575084567070007 0.0011979579567551256
1.577686786651611 0.0011868528775624684
1.580289006233215 0.0011762282153865598
1.582891225814819 0.0011660660709346736
1.585493445396423 0.0011563573155675207
1.588095664978027 0.0011470870928721386
1.590697884559631 0.0011382462742092372
1.593300104141235 0.0011298228670526909
1.595902323722839 0.00112180478937991
1.598504543304443 0.0011141862239207592
1.601106762886047 0.0011069549991561843
1.603708982467651 0.001100105118823123
1.606311202049255 0.0010936245903954494
1.608913421630859 0.0010875105499863267
1.611515641212463 0.0010817507365802387
1.614117860794067 0.001076342375786813
1.616720080375671 0.0010712792923500587
1.619322299957275 0.0010665555795033772
1.621924638748169 0.001062162198103942
1.624526858329773 0.0010580990586552892
1.627129077911377 0.0010543573905039834
1.629731297492981 0.0010509369251606342
1.632333517074585 0.001047828802475342
1.634935736656189 0.0010450360653278706
1.637537956237793 0.0010425495850789298
1.640140175819397 0.0010403693617285193
1.642742395401001 0.0010384925313898037
1.645344614982605 0.0010369158721900914
1.647946834564209 0.0010356396526187749
1.650549054145813 0.0010346606508031622
1.653151273727417 0.0010339789562397175
1.655753493309021 0.0010335885726653778
1.658355712890625 0.001033495496343206
1.660957932472229 0.001033693731010139
1.663560152053833 0.0010341891834327766
1.666162371635437 0.0010349759468445193
1.668764710426331 0.0010360570641251299
1.671366930007935 0.0010374353991614447
1.673969149589539 0.001039108088066628
1.676571369171143 0.0010410780842239793
1.679173588752747 0.0010433483410167983
1.681775808334351 0.001045918947941548
1.684378027915955 0.0010487927688850654
1.686980247497559 0.0010519699828402775
1.689582467079163 0.001055459449957083
1.692184686660767 0.0010592582168521822
1.694786906242371 0.0010633723692851024
1.697389125823975 0.001067804771142679
1.699991345405579 0.0010725615976809023
1.702593564987183 0.0010776426699068452
1.705195784568787 0.0010830570269633342
1.707798004150391 0.0010888108441063592
1.710400223731995 0.001094906895726293
1.713002443313599 0.001101351357079125
1.715604662895203 0.0011081501349314556
1.718207001686096 0.0011153093150428107
1.7208092212677 0.0011228408004428532
1.723411440849304 0.0011307447701245099
1.726013660430908 0.001139036080500743
1.728615880012512 0.0011477207278346156
1.731218099594116 0.0011568047978856545
1.73382031917572 0.001166303326059748
1.736422538757324 0.0011762222191234967
1.739024758338928 0.0011865735590994896
1.741626977920532 0.0011973693385138526
1.744229197502136 0.0012086185965094122
1.74683141708374 0.0012203363684920576
1.749433636665344 0.0012325345574914514
1.752035856246948 0.0012452281989134826
1.754638075828552 0.0012584324176605041
1.757240295410156 0.0012721591167621784
1.75984251499176 0.0012864264640006216
1.762444734573364 0.0013012522691720958
1.765047073364258 0.0013166546105622529
1.767649292945862 0.0013326516559532097
1.770251512527466 0.0013492613046376912
1.77285373210907 0.0013665075416679495
1.775455951690674 0.0013844113987129371
1.778058171272278 0.001402997039817833
1.780660390853882 0.001422285317658662
1.783262610435486 0.001442306303047203
1.78586483001709 0.0014630871134119349
1.788467049598694 0.001484654687188409
1.791069269180298 0.0015070390056919408
1.793671488761902 0.0015302733616069989
1.796273708343506 0.0015543903316463435
1.79887592792511 0.0015794264303671348
1.801478147506714 0.0016054204992345862
1.804080367088318 0.0016324113797139119
1.806682586669922 0.0016604443570157072
1.809284806251526 0.0016895586305910402
1.811887145042419 0.001719804855438324
1.814489364624023 0.0017512311806549897
1.817091584205627 0.0017838948839777582
1.819693803787231 0.001817849842277733
1.822296023368835 0.0018531561971784712
1.824898242950439 0.0018898769541903658
1.827500462532043 0.0019280810255904097
1.830102682113647 0.0019678409035141405
1.832704901695251 0.0020092312280122226
1.835307121276855 0.002052333261873629
1.837909340858459 0.002097237217533696
1.840511560440063 0.002144032949441904
1.843113780021667 0.0021928197986728795
1.845715999603271 0.0022437026550819923
1.848318219184875 0.002296798759036594
1.850920438766479 0.0023522223080242716
1.853522658348083 0.002410108083719248
1.856124877929688 0.002470594626647216
1.858727216720581 0.0025338258471216883
1.861329436302185 0.0025999669556145194
1.863931655883789 0.002669189248357091
1.866533875465393 0.002741672613241293
1.869136095046997 0.002817624682062739
1.871738314628601 0.002897252191652407
1.874340534210205 0.002980792844617689
1.876942753791809 0.003068498663000159
1.879544973373413 0.0031606306184877504
1.882147192955017 0.0032575076764768313
1.884749412536621 0.0033593994003158437
1.887351632118225 0.00346669671055791
1.889953851699829 0.003579789811784441
1.892556071281433 0.003699039195750928
1.895158290863037 0.0038249249214882615
1.897760510444641 0.0039579277639990446
1.900362730026245 0.004098618710721219
1.902964949607849 0.0042475075335116005
1.905567288398743 0.004405315215881165
1.908169507980347 0.004572732670529111
1.910771727561951 0.004750540664604117
1.913373947143555 0.004939579748892571
1.915976166725159 0.005140840828239739
1.918578386306763 0.005355345236288535
1.921180605888367 0.005584324444378459
1.923782825469971 0.005829068991515015
1.926385045051575 0.006091051273517781
1.928987264633179 0.006371891892350114
1.931589484214783 0.006673453448413013
1.934191703796387 0.006997807963832364
1.936793923377991 0.007347297382068349
1.939396142959595 0.0077245643546989375
1.941998362541199 0.008132612383043443
1.944600582122803 0.00857486452784266
1.947202801704407 0.009055224982825844
1.949805021286011 0.009578197926014394
1.952407360076904 0.010148949093288846
1.955009579658508 0.01077342319774914
1.957611799240112 0.01145861886285089
1.960214018821716 0.012212552823819913
1.96281623840332 0.013044775427282752
1.965418457984924 0.013966455831900015
1.968020677566528 0.014990810875420098
1.970622897148132 0.016133633461800422
1.973225116729736 0.017413904001046945
1.97582733631134 0.018854444807356183
1.978429555892944 0.020483092860774592
1.981031775474548 0.022333964213236673
1.983633995056152 0.02444924821366777
1.986236214637756 0.026881621764586854
1.98883843421936 0.02969747835451418
1.991440653800964 0.03298168067817574
1.994042873382568 0.03684324258798594
1.996645092964172 0.041425223823066216
1.999247431755066 0.0469177177360466
2.00184965133667 0.05357747464566619
2.004451751708984 0.0617567583605334
2.007054090499878 0.0719519492026206
2.009656190872192 0.08487567386111697
2.012258529663086 0.10158318871850366
2.0148606300354 0.12368288698855105
2.017462968826294 0.15371982471362963
2.020065069198608 0.19589128007401932
2.022667407989502 0.2574651678045233
2.025269746780396 0.35174173349374777
2.02787184715271 0.5045555504234702
2.030474185943604 0.7686336391322963
2.033076286315918 1.249513551637575
2.035678625106812 2.0836966116507134
2.038280725479126 2.9422612920537725
2.04088306427002 2.6301352011190877
2.043485164642334 1.664135082347973
2.046087503433228 0.9980510906414228
2.048689603805542 0.6316005947353603
2.051291942596436 0.42647449390308284
2.05389404296875 0.30428227146824566
2.056496381759644 0.2268597485424878
2.059098482131958 0.17514924745301944
2.061700820922852 0.13907296807916314
2.064302921295166 0.11298167598140132
2.06690526008606 0.0935387367958779
2.069507360458374 0.07868108090695676
2.072109699249268 0.06708228194319808
2.074712038040161 0.05786006228701846
2.077314138412476 0.05040991270506345
2.079916477203369 0.044307508268155854
2.082518577575684 0.039247747656103366
2.085120916366577 0.03500630547692468
2.087723016738892 0.031416815680426514
2.090325355529785 0.028352161785503767
2.0929274559021 0.025715315306150878
2.095529794692993 0.02343030018849416
2.098131895065308 0.021437327067057293
2.100734233856201 0.01968876807181327
2.103336334228516 0.018146305828839093
2.105938673019409 0.016778768361867726
2.108540773391724 0.015560780201588307
2.111143112182617 0.014471261708944052
2.113745212554932 0.013492823363066436
2.116347551345825 0.012610870796638925
2.118949890136719 0.011813122946936806
2.121551990509033 0.011089188916547163
2.124154329299927 0.010430270129137928
2.126756429672241 0.009828768692933046
2.129358768463135 0.009278258045872411
2.131960868835449 0.008773092751030451
2.134563207626343 0.008308408496616123
2.137165307998657 0.007880059806434244
2.139767646789551 0.007484294272757866
2.142369747161865 0.007117927969397009
2.144972085952759 0.006778078394251186
2.147574186325073 0.0064622826046413845
2.150176525115967 0.006168288153571052
2.152778625488281 0.0058941740889449
2.155380964279175 0.0056381680227972734
2.157983064651489 0.00539867870800488
2.160585403442383 0.0051743543899811055
2.163187503814697 0.004963933884560526
2.165789842605591 0.004766276290824822
2.168392181396484 0.004580360275131087
2.170994281768799 0.0044052851450693846
2.173596620559692 0.004240240062679255
2.176198720932007 0.004084444618797874
2.1788010597229 0.003937207184754333
2.181403160095215 0.0037979578470682582
2.184005498886108 0.003666096263461643
2.186607599258423 0.0035411413009460275
2.189209938049316 0.003422552400881105
2.191812038421631 0.003309970145468955
2.194414377212524 0.0032029728273729667
2.197016477584839 0.0031011713159692883
2.199618816375732 0.003004264187168429
2.202220916748047 0.002911921914991316
2.20482325553894 0.0028238738621319376
2.207425355911255 0.0027398558350296707
2.210027694702148 0.002659621539416614
2.212630033493042 0.0025829490240629727
2.215232133865356 0.0025096276142933705
2.21783447265625 0.002439465429689791
2.220436573028564 0.002372285267254254
2.223038911819458 0.002307912966868541
2.225641012191772 0.002246201217353523
2.228243350982666 0.0021870000226361618
2.23084545135498 0.0021301742430563804
2.233447790145874 0.002075603595367065
2.236049890518188 0.0020231651114271925
2.238652229309082 0.0019727478156218656
2.241254329681396 0.0019242521878835316
2.24385666847229 0.0018775765602295105
2.246458768844604 0.0018326366269910657
2.249061107635498 0.0017893453976055523
2.251663208007812 0.0017476185664042339
2.254265546798706 0.0017073843572232817
2.256867647171021 0.0016685734997998487
2.259469985961914 0.0016311170818569423
2.262072324752808 0.0015949519188912422
2.264674425125122 0.0015600210911518818
2.267276763916016 0.00152626732090214
2.26987886428833 0.0014936395951577492
2.272481203079224 0.00146208707992737
2.275083303451538 0.0014315615366171071
2.277685642242432 0.00140202099138552
2.280287742614746 0.001373423380894704
2.28289008140564 0.0013457236884234546
2.285492181777954 0.001318891932656457
2.288094520568848 0.0012928858712628795
2.290696620941162 0.0012676757019203346
2.293298959732056 0.0012432282214408165
2.29590106010437 0.0012195104951257104
2.298503398895264 0.0011964954950430015
2.301105499267578 0.001174156193260674
2.303707838058472 0.0011524654723502495
2.306310176849365 0.001131396393876176
2.30891227722168 0.0011109279261695016
2.311514616012573 0.0010910359946815103
2.314116716384888 0.001071702700119477
2.316719055175781 0.0010529009250549225
2.319321155548096 0.0010346125912021947
2.321923494338989 0.0010168228421483312
2.324525594711304 0.0009995104672314524
2.327127933502197 0.0009826606995350607
2.329730033874512 0.0009662552817805752
2.332332372665405 0.0009502763146752708
2.33493447303772 0.000934714759076322
2.337536811828613 0.000919552536698075
2.340138912200928 0.0009047747911275684
2.342741250991821 0.0008903723937255126
2.345343351364136 0.0008763303090860178
2.347945690155029 0.0008626335912996586
2.350547790527344 0.0008492762441033714
2.353150129318237 0.0008362462749710312
2.355752468109131 0.0008235285590002844
2.358354568481445 0.0008111170999280685
2.360956907272339 0.0007990030376044837
2.363559007644653 0.0007871742005104775
2.366161346435547 0.0007756216389996871
2.368763446807861 0.0007643363139292856
2.371365785598755 0.0007533123185326745
2.373967885971069 0.0007425405241705634
2.376570224761963 0.0007320120259448213
2.379172325134277 0.0007217207380959222
2.381774663925171 0.0007116606643608024
2.384376764297485 0.0007018228103448679
2.386979103088379 0.0006922011797850555
2.389581203460693 0.0006827897764183021
2.392183542251587 0.0006735795611017817
2.394785642623901 0.0006645705785837258
2.397387981414795 0.0006557537449730765
2.399990081787109 0.000647123108755003
2.402592420578003 0.0006386756717979729
2.405194759368896 0.0006304023949591607
2.407796859741211 0.0006223002801070342
2.410399198532104 0.0006143663738582943
2.413001298904419 0.0006065945904534141
2.415603637695312 0.0005989819765090943
2.418205738067627 0.0005915195376307399
2.420808076858521 0.0005842102272016508
2.423410177230835 0.0005770420526957013
2.426012516021729 0.0005700180122444222
2.428614616394043 0.0005631321543329829
2.431216955184937 0.0005563783932018568
2.433819055557251 0.0005497567735992754
2.436421394348145 0.0005432642526454754
2.439023494720459 0.0005368918806940943
2.441625833511353 0.0005306426558766636
2.444227933883667 0.0005245135353134201
2.446830272674561 0.0005184954798615372
2.449432611465454 0.0005125915771490102
2.452034711837769 0.0005067957861645445
2.454637050628662 0.0005011051087766081
2.457239151000977 0.0004955225431167328
2.45984148979187 0.0004900390500420922
2.462443590164185 0.00048465163142115495
2.465045928955078 0.0004793633748819162
2.467648029327393 0.00047417119279638076
2.470250368118286 0.0004690690889014853
2.472852468490601 0.00046405706319723036
2.475454807281494 0.0004591321175520844
2.478056907653809 0.0004542942967142787
2.480659246444702 0.0004495375596725189
2.483261346817017 0.0004448648598101045
2.48586368560791 0.00044027029036043636
2.488465785980225 0.0004357567599585823
2.491068124771118 0.0004313183170897108
2.493670225143433 0.00042695196362229075
2.496272563934326 0.0004226606529396216
2.49887490272522 0.00041844143165840393
2.501477003097534 0.000414291301647106
2.504079341888428 0.0004102072200259646
2.506681442260742 0.0004061921849265114
2.509283781051636 0.0004022432429654462
2.51188588142395 0.0003983573512630063
2.514488220214844 0.00039453151168765974
2.517090320587158 0.00039076876711916994
2.519692659378052 0.0003870660746777739
2.522294759750366 0.00038342043623193966
2.52489709854126 0.00037983484991319913
2.527499198913574 0.0003763033194584889
2.530101537704468 0.00037282882062522496
2.532703638076782 0.000369405401898576
2.535305976867676 0.0003660360390359574
2.53790807723999 0.00036272070966325375
2.540510416030884 0.00035945346226563335
2.543112754821777 0.00035623422972074864
2.545714855194092 0.0003530660549083631
2.548317193984985 0.00034994593969694477
2.5509192943573 0.00034687086358084685
2.553521633148193 0.00034384384706571654
2.556123733520508 0.00034085884914025885
2.558726072311401 0.00033791891268423725
2.561328172683716 0.00033502401532353574
2.563930511474609 0.0003321681607950916
2.566532611846924 0.0003293573677360832
2.569134950637817 0.00032658257462956877
2.571737051010132 0.0003238528429924904
2.574339389801025 0.00032115915605613785
2.57694149017334 0.00031850451195204234
2.579543828964233 0.000315888888306088
2.582145929336548 0.00031330930936085915
2.584748268127441 0.00031076577511635615
2.587350368499756 0.000308258263198463
2.589952707290649 0.000305783775475648
2.592555046081543 0.0003033453548276748
2.595157146453857 0.00030094293413219516
2.597759485244751 0.0002985702710108714
2.600361585617065 0.00029623152704926224
2.602963924407959 0.0002939246214545883
2.605566024780273 0.00029164895012572005
2.608168363571167 0.0002894041998250348
2.610770463943481 0.0002871900796890259
2.613372802734375 0.00028500540388955013
2.615974903106689 0.0002828498591889848
2.618577241897583 0.00028072313234970734
2.621179342269897 0.0002786249325082109
2.623781681060791 0.00027655405146223647
2.626383781433105 0.0002745108024494068
2.628986120223999 0.0002724942905050856
2.631588220596313 0.00027050391152814345
2.634190559387207 0.0002685396431444644
2.636792898178101 0.00026660090362703477
2.639394998550415 0.00026468708887472523
2.641997337341309 0.00026279819888753574
2.644599437713623 0.00026093333870083005
2.647201776504517 0.00025909219507698543
2.649803876876831 0.0002572744771524951
2.652406215667725 0.000255480184927359
2.655008316040039 0.00025370840106282504
2.657610654830933 0.0002519588570695024
2.660212755203247 0.0002502312397097682
2.662815093994141 0.0002485252357459999
2.665417194366455 0.00024684084517819746
2.668019533157349 0.00024517717304172457
2.670621633529663 0.0002435339284730745
2.673223972320557 0.00024191111147224724
2.675826072692871 0.00024030840880162008
2.678428411483765 0.00023872521636006353
2.681030511856079 0.00023716126565818672
2.683632850646973 0.00023561682518538055
2.686235189437866 0.000234090686739386
2.688837289810181 0.00023258318593194176
2.691439628601074 0.00023109398715130919
2.694041728973389 0.0002296225310445906
2.696644067764282 0.00022816877286355416
2.699246168136597 0.00022673273498231584
2.70184850692749 0.00022531352243623933
2.704450607299805 0.00022391111285120874
2.707052946090698 0.00022252552860133997
2.709655046463013 0.00022115645644901034
2.712257385253906 0.00021980329229309036
2.714859485626221 0.00021846605850769593
2.717461824417114 0.00021714475509282706
2.720063924789429 0.00021583873319912244
2.722666263580322 0.0002145480375748139
2.725268363952637 0.00021327237735639464
2.72787070274353 0.00021201141693212607
2.730473041534424 0.0002107651563020082
2.733075141906738 0.0002095333269766501
2.735677480697632 0.00020831561571842916
2.738279581069946 0.0002071120225273453
2.74088191986084 0.00020592221179165999
2.743484020233154 0.00020474593739609818
2.746086359024048 0.00020358317696654403
2.748688459396362 0.00020243363963949072
2.751290798187256 0.00020129698980319964
2.75389289855957 0.00020017356306940943
2.756495237350464 0.00019906275533699059
2.759097337722778 0.0001979645666059431
2.761699676513672 0.00019687868363864428
2.764301776885986 0.00019580481557158737
2.76690411567688 0.0001947432532682791
2.769506216049194 0.00019369368349109685
2.772108554840088 0.00019265586012476556
2.774710655212402 0.0001916294251834308
2.777312994003296 0.00019061471427883112
2.779915332794189 0.0001896111009357212
2.782517433166504 0.00018861860752821685
2.785119771957397 0.00018763723405631813
2.787721872329712 0.00018666666728240234
2.790324211120605 0.00018570690720646945
2.79292631149292 0.00018475795382851952
2.795528650283813 0.00018381921423448098
2.798130750656128 0.0001828909904749186
2.800733089447021 0.00018197296931220965
2.803335189819336 0.0001810648598828473
2.805937528610229 0.0001801669642373964
2.808539628982544 0.00017927867827472745
2.811141967773438 0.0001784003040454051
2.813744068145752 0.00017753152831180677
2.816346406936646 0.00017667237344804826
2.81894850730896 0.00017582252621650696
2.821550846099854 0.00017498198661718283
2.824152946472168 0.00017415045259951112
2.826755285263062 0.00017332822621405662
2.829357624053955 0.00017251471454674775
2.83195972442627 0.00017171020846109132
2.834562063217163 0.00017091441709358055
2.837164163589478 0.00017012732925715746
2.839766502380371 0.0001693489449518221
2.842368602752686 0.00016857868245056084
2.844970941543579 0.00016781711229332935
2.847573041915894 0.00016706366394017195
2.850175380706787 0.00016631831501697276
2.852777481079102 0.00016558137876135451
2.855379819869995 0.00016485225107218767
2.85798192024231 0.00016413093194947228
2.860584259033203 0.0001634177122567151
2.863186359405518 0.00016271201026690259
2.865788698196411 0.00016201411684354147
2.868390798568726 0.0001613237187490091
2.870993137359619 0.0001606408383574214
2.873595476150513 0.00015996546448172034
2.876197576522827 0.00015929759712190601
2.878799915313721 0.0001586369342274136
2.881402015686035 0.00015798318493473638
2.884004354476929 0.00015733694215794584
2.886606454849243 0.0001566976017959125
2.889208793640137 0.0001560651638486364
2.891810894012451 0.00015543963950317543
2.894413232803345 0.00015482131962303643
2.897015333175659 0.0001542093092435831
2.899617671966553 0.00015360450332945174
2.902219772338867 0.00015300600691600604
2.904822111129761 0.00015241411086675284
2.907424211502075 0.00015182882636875002
2.910026550292969 0.00015125015342199767
2.912628650665283 0.00015067777878887304
2.915230989456177 0.00015011171365643405
2.917833089828491 0.00014955194683762286
2.920435428619385 0.00014899819865599051
2.923037767410278 0.00014845105083855067
2.925639867782593 0.00014790960842066698
2.928242206573486 0.000147374475503469
2.930844306945801 0.00014684535003639198
2.933446645736694 0.0001463222208323779
2.936048746109009 0.00014580480821497805
2.938651084899902 0.0001452933918606412
2.941253185272217 0.0001447876920929184
2.94385552406311 0.00014428798858825867
2.946457624435425 0.0001437936884325904
2.949059963226318 0.000143305406914101
2.951662063598633 0.00014282222669403832
2.954264402389526 0.00014234504273703865
2.956866502761841 0.0001418732733160884
2.959468841552734 0.00014140690724412957
2.962070941925049 0.00014094594452116225
2.964673280715942 0.0001404906871977511
2.967275619506836 0.00014004054235982466
2.96987771987915 0.0001395958008708897
2.972480058670044 0.0001391561606803814
2.975082159042358 0.00013872192383886455
2.977684497833252 0.00013829278829577448
2.980286598205566 0.00013786876523816908
2.98288893699646 0.00013744985466604835
2.985491037368774 0.00013703603420529639
2.988093376159668 0.0001366273262300291
2.990695476531982 0.00013622371955318853
2.993297815322876 0.0001358249233112679
2.99589991569519 0.00013543122836777395
2.998502254486084 0.0001350423438592
3.001104354858398 0.000134658258598488
3.003706693649292 0.00013427927463620273
3.006308794021606 0.00013390481024533064
3.0089111328125 0.00013353543596582727
3.011513233184814 0.0001331705700706791
3.014115571975708 0.0001328105146104509
3.016717910766602 0.00013245495634751995
3.019320011138916 0.0001321042085195089
3.02192234992981 0.0001317582599393598
3.024524450302124 0.00013141681974356597
3.027126789093018 0.00013107987674506935
3.029728889465332 0.0001307474421309279
3.032331228256226 0.00013041981795170645
3.03493332862854 0.0001300964001062754
3.037535667419434 0.00012977778150870638
3.040137767791748 0.00012946335805786983
3.042740106582642 0.0001291534541784464
3.045342206954956 0.00012884804749632026
3.04794454574585 0.00012854684714798452
3.050546646118164 0.00012825015518400408
3.053148984909058 0.00012795765836675605
3.055751085281372 0.00012766966993386325
3.058353424072266 0.00012738588783476088
3.060955762863159 0.00012710660293295577
3.063557863235474 0.00012683153555199906
3.066160202026367 0.00012656036126721014
3.068762302398682 0.0001262936953667764
3.071364641189575 0.0001260315266636399
3.07396674156189 0.00012577327343078705
3.076569080352783 0.00012551921534466673
3.079171180725098 0.00012526937477939478
3.081773519515991 0.00012502342731029063
3.084375619888306 0.00012478197703848372
3.086977958679199 0.00012454444223696046
3.089580059051514 0.00012431111376922768
3.092182397842407 0.0001240819804482274
3.094784498214722 0.00012385675141045284
3.097386837005615 0.00012363573989352663
3.09998893737793 0.00012341892352333298
3.102591276168823 0.00012320601143636504
3.105193376541138 0.00012299699244556486
3.107795715332031 0.00012279219097561308
3.110398054122925 0.000122591293788887
3.113000154495239 0.00012239459174889346
3.115602493286133 0.00012220180517918356
3.118204593658447 0.00012201321375620616
3.120806932449341 0.00012182822456588973
3.123409032821655 0.00012164745289642174
3.126011371612549 0.00012147057432312149
3.128613471984863 0.00012129790208361171
3.131215810775757 0.00012112883207676289
3.133817911148071 0.00012096396840370453
3.136420249938965 0.00012080299782681393
3.139022350311279 0.00012064594272020699
3.141624689102173 0.00012049309394739053
3.144226789474487 0.00012034384740723504
3.146829128265381 0.00012019879601381204
3.149431228637695 0.00012005735804010798
3.152033567428589 0.00011992011521313644
3.154635667800903 0.00011978678785644852
3.157238006591797 0.00011965735359592839
3.15984034538269 0.00011953183480569192
3.162442445755005 0.00011941051116218796
3.165044784545898 0.00011929278975134499
3.167646884918213 0.00011917927467429244
3.170249223709106 0.00011906937301695884
3.172851324081421 0.00011896366650635776
3.175453662872314 0.00011886186427898235
3.178055763244629 0.00011876396633483268
3.180658102035522 0.00011866997267390874
3.183260202407837 0.00011857988329621048
3.18586254119873 0.00011849398906524475
3.188464641571045 0.00011841201030456268
3.191066980361938 0.00011833393582710633
3.193669080734253 0.00011825975444581776
3.196271419525146 0.00011818979058537758
3.198873519897461 0.00011812342895759834
3.201475858688354 0.00011806126247655166
3.204078197479248 0.00011800330232929538
3.206680297851562 0.00011794924646526486
3.209282636642456 0.00011789909488446003
3.211884737014771 0.00011785314963744568
3.214487075805664 0.00011781110867365703
3.217089176177979 0.0001177729719930941
3.219691514968872 0.00011773934369688637
3.222293615341187 0.00011770930644628166
3.22489595413208 0.00011768378876709005
3.227498054504395 0.00011766216418406627
3.230100393295288 0.00011764474593483292
3.232702493667603 0.00011763123196882529
3.235304832458496 0.00011762222638717285
3.237906932830811 0.00011761711390168817
3.240509271621704 0.00011761621893705189
3.243111371994019 0.00011761982116971288
3.245713710784912 0.00011762732768559957
3.248315811157227 0.00011763904053527672
3.25091814994812 0.0001176552505822511
3.253520488739014 0.0001176756781500739
3.256122589111328 0.00011770030086462918
3.258724927902222 0.00011772912991297496
3.261327028274536 0.0001177624673456759
3.26392936706543 0.00011779999992510936
3.266531467437744 0.00011784204088889802
3.269133806228638 0.00011788859023704187
3.271735906600952 0.00011793933473191819
3.274338245391846 0.0001179945987982077
3.27694034576416 0.00011805434887473648
3.279542684555054 0.00011811861852267841
3.282144784927368 0.00011818768741848231
3.284747123718262 0.0001182609626480767
3.287349224090576 0.00011833903712553307
3.28995156288147 0.0001184216199873446
3.292553663253784 0.00011850871123351135
3.295156002044678 0.00011860060172754005
3.297758340835571 0.00011869730265648873
3.300360441207886 0.00011879850078273461
3.302962779998779 0.00011890480020740727
3.305564880371094 0.00011901561920349303
3.308167219161987 0.0001191315283109476
3.310769319534302 0.00011925224785332207
3.313371658325195 0.00011937777783061649
3.31597375869751 0.00011950840910633763
3.318576097488403 0.00011964383962992076
3.321178197860718 0.00011978438263898856
3.323780536651611 0.00011993002694648305
3.326382637023926 0.00012008078373946229
3.328984975814819 0.00012023664183086819
3.331587076187134 0.0001203979032712656
3.334189414978027 0.00012056426601008968
3.336791515350342 0.00012073574123439846
3.339393854141235 0.00012091291067120549
3.34199595451355 0.0001210951925934972
3.344598293304443 0.00012128317991534511
3.347200632095337 0.00012147627972267769
3.349802732467651 0.00012167537579307327
3.352405071258545 0.00012187958434895352
3.355007171630859 0.00012208978916789675
3.357609510421753 0.00012230540852288941
3.360211610794067 0.00012252702414094506
3.362813949584961 0.00012275435634561486
3.365416049957275 0.00012298768481334768
3.368018388748169 0.00012322672986769465
3.370620489120483 0.00012347177118510457
3.373222827911377 0.00012372312200320017
3.375824928283691 0.00012398017822085202
3.378427267074585 0.00012424384598975428
3.381029367446899 0.0001245135100217195
3.383631706237793 0.0001247894947414284
3.386233806610107 0.00012507206863827174
3.388836145401001 0.0001253609632228588
3.391438484191895 0.00012565615612107354
3.394040584564209 0.00012595826262110346
3.396642923355103 0.00012626696948532585
3.399245023727417 0.0001265822767137407
3.401847362518311 0.00012690450873102872
3.404449462890625 0.00012723393402658064
3.407051801681519 0.00012756997087338308
3.409653902053833 0.00012791321218550743
3.412256240844727 0.00012826366915001167
3.414858341217041 0.00012862162144334463
3.417460680007935 0.00012898648733849282
3.420062780380249 0.0001293591618000924
3.422665119171143 0.00012973904072701394
3.425267219543457 0.0001301267282203869
3.427869558334351 0.0001305222242802113
3.430471658706665 0.0001309255289064871
3.433073997497559 0.0001313366420992144
3.435676097869873 0.00013175585472189984
3.438278436660767 0.0001321831779616015
3.44088077545166 0.00013261891386888403
3.443482875823975 0.00013306306244374754
3.446085214614868 0.00013351561249913397
3.448687314987183 0.0001339765752221013
3.451289653778076 0.00013444654352672106
3.453891754150391 0.0001349252265494865
3.456494092941284 0.00013541291515390436
3.459096193313599 0.00013590960933997467
3.461698532104492 0.00013641561115826213
3.464300632476807 0.00013693093179582472
3.4669029712677 0.0001374558509291113
3.469505071640015 0.00013799039093223778
3.472107410430908 0.00013853483148165292
3.474709510803223 0.00013908889290090796
3.477311849594116 0.00013965345896758117
3.479913949966431 0.00014022792558054307
3.482516288757324 0.00014081290802798113
3.485118389129639 0.00014140870836046006
3.487720727920532 0.00014201501334035717
3.490323066711426 0.0001426321362052952
3.49292516708374 0.00014326035663172289
3.495527505874634 0.00014389999904432097
3.498129606246948 0.00014455105225603143
3.500731945037842 0.00014521351626685432
3.503334045410156 0.00014588798399086113
3.50593638420105 0.0001465744778021678
3.508538484573364 0.00014727297532665838
3.511140823364258 0.00014798408066546236
3.513742923736572 0.000148707502955073
3.516345262527466 0.00014944414834718446
3.51894736289978 0.00015019369241711615
3.521549701690674 0.00015095645958954865
3.524151802062988 0.00015173272954093083
3.526754140853882 0.00015252252464537864
3.529356241226196 0.00015332672868047034
3.53195858001709 0.0001541447487321344
3.534560918807983 0.0001549774797650071
3.537163019180298 0.00015582492177908843
3.539765357971191 0.0001566873880120011
3.542367458343506 0.00015756516932725187
3.544969797134399 0.0001584585565883476
3.547571897506714 0.00015936757216940416
3.550174236297607 0.00016029279779743505
3.552776336669922 0.00016123453552300507
3.555378675460815 0.00016219309858373694
3.55798077583313 0.00016316876665607946
3.560583114624023 0.00016416156211414854
3.563185214996338 0.0001651723687355225
3.565787553787231 0.00016620119770725925
3.568389654159546 0.00016724835107992362
3.570991992950439 0.0001683144105805291
3.573594093322754 0.00016939939858319166
3.576196432113647 0.00017050419886548957
3.578798532485962 0.00017162883380153875
3.581400871276855 0.0001727738739312948
3.584003210067749 0.0001739396436794384
3.586605310440063 0.00017512672477298312
3.589207649230957 0.00017633513958604486
3.591809749603271 0.00017756576070914398
3.594412088394165 0.00017881892375401907
3.597014188766479 0.00018009519926062578
3.599616527557373 0.00018139490046658674
3.602218627929688 0.00018271862028597353
3.604820966720581 0.00018406696281991566
3.607423067092896 0.0001854402413060357
3.610025405883789 0.00018683903747134737
3.612627506256104 0.00018826395541698008
3.615229845046997 0.00018971592366874397
3.617831945419312 0.0001911948974784072
3.620434284210205 0.00019270210742234467
3.62303638458252 0.00019423784436406317
3.625638723373413 0.00019580271240469214
3.628241062164307 0.0001973972932712452
3.630843162536621 0.00019902281754009718
3.633445501327515 0.00020067957607475487
3.636047601699829 0.00020236846383985457
3.638649940490723 0.00020408979407301895
3.641252040863037 0.00020584504346589784
3.643854379653931 0.00020763452525611396
3.646456480026245 0.00020945947002004218
3.649058818817139 0.00021132041473646422
3.651660919189453 0.00021321800825474142
3.654263257980347 0.00021515374964063949
3.656865358352661 0.0002171285338587947
3.659467697143555 0.00021914294263622065
3.662069797515869 0.00022119789331166953
3.664672136306763 0.00022329519818852972
3.667274236679077 0.00022543512575619215
3.669876575469971 0.00022761892896514755
3.672478675842285 0.00022984835299643669
3.675081014633179 0.00023212373346179812
3.677683353424072 0.00023444715115401122
3.680285453796387 0.00023681921017420542
3.68288779258728 0.0002392414319622624
3.685489892959595 0.0002417153155839479
3.688092231750488 0.00024424233773091174
3.690694332122803 0.00024682341574190614
3.693296670913696 0.0002494606527838263
3.695898771286011 0.00025215554792243794
3.698501110076904 0.0002549096002235069
3.701103210449219 0.0002577243311269147
3.703705549240112 0.0002606017990513249
3.706307649612427 0.00026354383867424174
3.70890998840332 0.00026655194906143097
3.711512088775635 0.00026962852424329466
3.714114427566528 0.00027277537652322124
3.716716527938843 0.00027599458669399
3.719318866729736 0.00027928859353423477
3.72192120552063 0.000282659455462619
3.724523305892944 0.0002861096112577765
3.727125644683838 0.00028964174581361604
3.729727745056152 0.0002932579622970329
3.732330083847046 0.00029696157207718125
3.73493218421936 0.00030075376098220424
3.737534523010254 0.0003046396303105282
3.740136623382568 0.0003086216188407874
3.742738962173462 0.0003127027023303973
3.745341062545776 0.0003168858789108895
3.74794340133667 0.00032117716721944263
3.750545501708984 0.0003255735691245252
3.753147840499878 0.00033008707715226365
3.755749940872192 0.00033471471554524204
3.758352279663086 0.0003394624581924072
3.7609543800354 0.0003443393442365859
3.763556718826294 0.00034934535130366187
3.766158819198608 0.000354483477525167
3.768761157989502 0.00035976276204392705
3.771363496780396 0.00036518917874888974
3.77396559715271 0.0003707627723882865
3.776567935943604 0.0003764955131141273
3.779170036315918 0.0003823873785522964
3.781772375106812 0.0003884504507253835
3.784374475479126 0.00039468468488515674
3.78697681427002 0.0004011051164375054
3.789578914642334 0.00040771170063419725
3.792181253433228 0.00041451651949782277
3.794783353805542 0.0004215255245432123
3.797385692596436 0.000428750753044724
3.79998779296875 0.0004361952031338895
3.802590131759644 0.0004438738654683661
3.805192232131958 0.0004517957791909799
3.807794570922852 0.00045996998344455763
3.810396671295166 0.0004684114241385246
3.81299901008606 0.0004771261422841757
3.815601110458374 0.00048613212667070004
3.818203449249268 0.0004954414593206872
3.820805788040161 0.0005050660880120309
3.823407888412476 0.0005150240462821525
3.826010227203369 0.0005253303247887093
3.828612327575684 0.0005360030018173537
3.831214666366577 0.000547060066157275
3.833816766738892 0.0005585225047291937
3.836419105529785 0.0005704083958187619
3.8390212059021 0.0005827447226097634
3.841623544692993 0.0005955495633878507
3.844225645065308 0.0006088558528516384
3.846827983856201 0.0006226846674183108
3.849430084228516 0.0006370690760311781
3.852032423019409 0.0006520420581370862
3.854634523391724 0.0006676366379311135
3.857236862182617 0.0006838888824881018
3.859838962554932 0.0007008438532774871
3.862441301345825 0.0007185405260091786
3.865043640136719 0.000737027005032376
3.867645740509033 0.0007563543928278103
3.870248079299927 0.0007765825625296468
3.872850179672241 0.0007977657489948444
3.875452518463135 0.0008199759968766223
3.878054618835449 0.0008432852613317358
3.880656957626343 0.0008677717622693952
3.883259057998657 0.0008935224902522457
3.885861396789551 0.0009206336539786856
3.888463497161865 0.0009492162290636126
3.891065835952759 0.0009793813701148503
3.893667936325073 0.0010112643062889397
3.896270275115967 0.0010450059945160918
3.898872375488281 0.0010807747776443895
3.901474714279175 0.0011187447262955858
3.904076814651489 0.0011591231142794405
3.906679153442383 0.0012021351146984387
3.909281253814697 0.0012480420572263701
3.911883592605591 0.001297135163355876
3.914485931396484 0.0013497447645342028
3.917088031768799 0.001406255248072627
3.919690370559692 0.001467099060883393
3.922292470932007 0.001532783737411728
3.9248948097229 0.0016038858138763153
3.927496910095215 0.0016810901172168262
3.930099248886108 0.0017651831423556124
3.932701349258423 0.0018571081820192995
3.935303688049316 0.001957963894795369
3.937905788421631 0.0020690810930979503
3.940508127212524 0.0021920451172837267
3.943110227584839 0.0023287778144126183
3.945712566375732 0.0024816306145699534
3.948314666748047 0.002653501413247965
3.95091700553894 0.0028479940540439732
3.953519105911255 0.0030696395639184717
3.956121444702148 0.003324234091841781
3.958723783493042 0.003619189018959757
3.961325883865356 0.0039642941844355946
3.96392822265625 0.004372432425215438
3.966530323028564 0.004861171181137498
3.969132661819458 0.005454594666535433
3.971734762191772 0.006186786714616838
3.974337100982666 0.00710693708769194
3.97693920135498 0.008288198047214083
3.979541540145874 0.00984312320972706
3.982143640518188 0.011951200954906933
3.984745979309082 0.014911952319445912
3.987348079681396 0.01925090125373176
3.98995041847229 0.02594420286986205
3.992552518844604 0.03691591658033766
3.995154857635498 0.05611711794191652
3.997756958007812 0.0911420415471624
4.000359058380127 0.1481804833397851
4.0029616355896 0.18892852966491883
4.005563735961914 0.1503462462095885
4.008165836334229 0.0931576565579251
4.010768413543701 0.057845347636454804
4.013370513916016 0.038648046888746665
4.01597261428833 0.02786216220340213
4.018574714660645 0.02145624590349627
4.021177291870117 0.017471681486020935
4.023779392242432 0.014920180266325897
4.026381492614746 0.013275135028827656
4.028983592987061 0.012242222691441441
4.031586170196533 0.011651561782882736
4.034188270568848 0.011404624572387327
4.036790370941162 0.011447087422505513
4.039392471313477 0.011754714690887177
4.041995048522949 0.012326876322428385
4.044597148895264 0.013184504466013866
4.047199249267578 0.01437189199545004
4.049801349639893 0.015962732446802273
4.052403926849365 0.01807147103386956
4.05500602722168 0.020873664019702073
4.057608127593994 0.024641561078595685
4.060210704803467 0.029808468288845487
4.062812805175781 0.03708978887792823
4.065414905548096 0.047720419394003365
4.06801700592041 0.06395075342676661
4.070619583129883 0.09012882702343457
4.073221683502197 0.13509939382742117
4.075823783874512 0.2167342360671218
4.078425884246826 0.3605315291487778
4.081028461456299 0.5237116999812312
4.083630561828613 0.49150749870964716
4.086232662200928 0.3179099051444021
4.088834762573242 0.19157537970099006
4.091437339782715 0.12176365895314258
4.094039440155029 0.08296636632970862
4.096641540527344 0.060092794286596155
4.099244117736816 0.0457801790208788
4.101846218109131 0.03637267161418009
4.104448318481445 0.029950751914634362
4.10705041885376 0.02544801729219454
4.109652996063232 0.022242192391518718
4.112255096435547 0.01995558495278115
4.114857196807861 0.018352972494589316
4.117459297180176 0.017286906371245515
4.120061874389648 0.01666762807347753
4.122663974761963 0.016446546033338023
4.125266075134277 0.016607897417681355
4.127868175506592 0.017166306664635825
4.130470752716064 0.018169219787414367
4.133072853088379 0.019705496034822665
4.135674953460693 0.02192195256551107
4.138277053833008 0.025054204213368642
4.14087963104248 0.02948264388350753
4.143481731414795 0.03583753717554225
4.146083831787109 0.04520600694077868
4.148686408996582 0.05955825553642021
4.151288509368896 0.0826774803367821
4.153890609741211 0.12222372519003379
4.156492710113525 0.19381351871891422
4.159095287322998 0.3220120220928937
4.161697387695312 0.48380478867539395
4.164299488067627 0.48385583459436005
4.166901588439941 0.32191591005067566
4.169504165649414 0.19344203822963588
4.172106266021729 0.1215960986621387
4.174708366394043 0.08181141231869075
4.177310466766357 0.05845585384884396
4.17991304397583 0.04385915819231096
4.182515144348145 0.03423213099574183
4.185117244720459 0.02759840968134883
4.187719345092773 0.02286519517411699
4.190321922302246 0.01939570509993636
4.192924022674561 0.01680177110093492
4.195526123046875 0.014838288854192328
4.198128700256348 0.013346425763837568
4.200730800628662 0.012222012242039403
4.203332901000977 0.01139756723925158
4.205935001373291 0.010831921666234106
4.208537578582764 0.010504984640860342
4.211139678955078 0.010416096037214584
4.213741779327393 0.010585525730350712
4.216343879699707 0.011060630952989732
4.21894645690918 0.011928408711522193
4.221548557281494 0.013340089414212797
4.224150657653809 0.015559699084307696
4.226752758026123 0.019063153424420515
4.229355335235596 0.024750600705991638
4.23195743560791 0.03441831800672742
4.234559535980225 0.05176666763809709
4.237161636352539 0.08363994105800135
4.239764213562012 0.13295225767759947
4.242366313934326 0.15798258280252908
4.244968414306641 0.11797356820321298
4.247570991516113 0.07205375465186868
4.250173091888428 0.04478858970665
4.252775192260742 0.029815917258506065
4.255377292633057 0.02118693744098102
4.257979869842529 0.01587558580232454
4.260581970214844 0.012404834185992633
4.263184070587158 0.010019759874086124
4.265786170959473 0.008310960935758756
4.268388748168945 0.007043483379008892
4.27099084854126 0.006075615639443152
4.273592948913574 0.005318078192862664
4.276195049285889 0.004712582708479048
4.278797626495361 0.004219699550319363
4.281399726867676 0.003812162009803381
4.28400182723999 0.003470450550228267
4.286603927612305 0.0031804805761343003
4.289206504821777 0.0029316847030822937
4.291808605194092 0.002716198160841658
4.294410705566406 0.00252794288658165
4.297013282775879 0.002362198120838887
4.299615383148193 0.0022152581730404417
4.302217483520508 0.0020841621421836876
4.304819583892822 0.001966534613131045
4.307422161102295 0.0018604354815440136
4.310024261474609 0.0017642792280729827
4.312626361846924 0.0016767538345611847
4.315228462219238 0.0015967627903362652
4.317831039428711 0.0015233903675823956
4.320433139801025 0.0014558528457675967
4.32303524017334 0.0013934954687639756
4.325637340545654 0.0013357507394956753
4.328239917755127 0.001282129112306658
4.330842018127441 0.0012322102223072682
4.333444118499756 0.0011856306243587184
4.336046695709229 0.0011420690261565885
4.338648796081543 0.001101249241614127
4.341250896453857 0.001062915937320606
4.343852996826172 0.0010268618394662667
4.346455574035645 0.0009928858494973397
4.349057674407959 0.0009608198035586703
4.351659774780273 0.0009305075303212301
4.354261875152588 0.0009018138006284787
4.356864452362061 0.0008746156463393937
4.359466552734375 0.0008488018233496865
4.362068653106689 0.0008242672628110595
4.364670753479004 0.000800924884664404
4.367273330688477 0.0007786936946101374
4.369875431060791 0.0007574954727390507
4.372477531433105 0.0007372612620259189
4.37507963180542 0.0007179309208471853
4.377682209014893 0.000699444441823988
4.380284309387207 0.0006817507672238279
4.382886409759521 0.000664804790829037
4.385488986968994 0.0006485555444035803
4.388091087341309 0.000632966960872616
4.390693187713623 0.0006180000197780024
4.393295288085938 0.0006036186092966669
4.39589786529541 0.0005897897947299946
4.398499965667725 0.0005764865033977382
4.401102066040039 0.000563675666356588
4.403704166412354 0.000551336341434055
