 Coordinates in Bohr
   
 1 educt 
 $coord  
C -1.32908 -0.568173 0.222408
C -0.719165 -0.0796303 -0.972119
C 0.719165 0.0796303 -0.972119
C 1.32908 0.568173 0.222408
C 0.620353 0.337958 1.42889
C -0.620353 -0.337958 1.42889
C -2.55146 -1.57378 0.207965
C -1.53739 0.629314 -2.13436
C 1.53739 -0.629314 -2.13436
C 2.55146 1.57378 0.207965
C 1.1998 0.673188 2.77826
C -1.1998 -0.673188 2.77826
C -2.1289 -2.83436 1.02452
C -2.84267 -2.14568 -1.20017
C -3.88497 -1.05205 0.799241
O -0.353632 -1.49148 3.47873
C -0.774363 1.95745 -2.43069
C -1.79235 -0.0529211 -3.50213
C -2.90512 1.1204 -1.58874
C 1.79235 0.0529211 -3.50213
C 0.774363 -1.95745 -2.43069
C 2.90512 -1.1204 -1.58874
C 2.84267 2.14568 -1.20017
C 3.88497 1.05205 0.799241
C 2.1289 2.83436 1.02452
O -2.23756 -0.255026 3.23998
C -0.765803 -1.80042 4.83007
O 0.353632 1.49148 3.47873
C 0.765803 1.80042 4.83007
O 2.23756 0.255026 3.23998
H -1.16661 -3.22501 0.671331
H -2.0564 -2.65518 2.09745
H -2.89389 -3.60919 0.885718
H -1.92178 -2.45698 -1.70196
H -3.48828 -3.02562 -1.0882
H -3.37911 -1.44993 -1.84127
H -3.80749 -0.883055 1.87278
H -4.20761 -0.116642 0.336911
H -4.66246 -1.80763 0.616148
H -0.668402 2.54855 -1.51338
H -1.35472 2.54166 -3.1578
H 0.217832 1.78659 -2.84509
H -0.877706 -0.176564 -4.08292
H -2.45907 0.597674 -4.08374
H -2.26738 -1.03083 -3.41968
H -2.79312 1.5557 -0.58984
H -3.66121 0.339392 -1.54371
H -3.28404 1.89643 -2.26687
H 2.26738 1.03083 -3.41968
H 0.877706 0.176564 -4.08292
H 2.45907 -0.597674 -4.08374
H 0.668402 -2.54855 -1.51338
H 1.35472 -2.54166 -3.1578
H -0.217832 -1.78659 -2.84509
H 3.66121 -0.339392 -1.54371
H 3.28404 -1.89643 -2.26687
H 2.79312 -1.5557 -0.58984
H 1.92178 2.45698 -1.70196
H 3.37911 1.44993 -1.84127
H 3.48828 3.02562 -1.0882
H 3.80749 0.883055 1.87278
H 4.66246 1.80763 0.616148
H 4.20761 0.116642 0.336911
H 1.16661 3.22501 0.671331
H 2.89389 3.60919 0.885718
H 2.0564 2.65518 2.09745
H 0.0549787 -2.38333 5.2549
H -0.932881 -0.87897 5.39958
H -1.69515 -2.38349 4.8178
H -0.0549787 2.38333 5.2549
H 1.69515 2.38349 4.8178
H 0.932881 0.87897 5.39958
 2 educt 
 $coord  
C -0.383589 0.186342 -0.1921
C -1.14139 -0.331261 1.06306
C -0.283508 -0.210644 2.30403
C 1.00439 0.146911 2.32206
C 1.82347 0.367566 1.08248
C 1.12492 -0.190093 -0.167028
C 1.87535 0.274857 -1.44235
C 3.39569 0.447046 -1.20449
C 3.89906 -0.549064 -0.149316
C 3.23191 -0.278837 1.22322
C -2.50657 0.396704 1.29779
C -3.3342 -0.311224 2.38764
C -3.3712 0.511374 0.0301004
C -0.960527 -0.404892 -1.4709
O -1.20641 -1.58109 -1.64406
O -1.10937 0.541673 -2.44139
C -1.58762 0.0526412 -3.71827
H -0.457361 1.28103 -0.23582
H -1.37171 -1.39525 0.891243
H -0.778418 -0.40579 3.25342
H 1.52082 0.244868 3.27899
H 1.44557 1.22373 -1.78966
H 1.7048 -0.458998 -2.24164
H 3.93924 0.322269 -2.14987
H 3.60109 1.46879 -0.853791
H 4.99165 -0.500314 -0.0551043
H 3.6544 -1.56752 -0.48308
H 3.13579 -1.22239 1.77803
H 3.86183 0.386713 1.82962
H -2.2716 1.41613 1.6427
H -2.83039 -0.336713 3.36004
H -3.54542 -1.34643 2.08314
H -4.2944 0.203257 2.52441
H -3.55975 -0.481468 -0.400152
H -2.90365 1.13927 -0.735405
H -4.34027 0.960901 0.284147
H -1.62955 0.931026 -4.36715
H -2.5812 -0.396946 -3.60402
H -0.898872 -0.699274 -4.12129
H 1.17137 -1.28692 -0.103618
H 1.96566 1.45202 0.934366
 3 educt 
 $coord  
C 1.2327 -0.335202 1.25504
C -0.157003 0.15896 1.70538
C -1.21095 -0.2386 0.6753
C -0.795132 0.254804 -0.710134
C 0.619544 -0.25196 -1.05058
O 1.53787 0.195518 -0.0337646
O -0.542301 -0.41366 2.95726
O -2.49766 0.324315 0.962614
O -1.70319 -0.207685 -1.71975
C 1.13706 0.287402 -2.39261
O 0.516091 -0.339308 -3.50959
H 0.184686 -0.255139 3.57764
H -2.75023 0.014238 1.84389
H -0.442051 -0.264335 -3.37334
H -2.59298 0.0469614 -1.4344
O 2.23639 0.0574643 2.15642
H 2.31868 1.02226 2.08687
H 1.25154 -1.43691 1.23934
H -0.117417 1.26134 1.7703
H -1.27478 -1.33966 0.650191
H -0.769446 1.35735 -0.697205
H 0.608307 -1.3544 -1.09033
H 1.00116 1.38398 -2.40762
H 2.20912 0.0722652 -2.46092
 4 educt 
 $coord  
C -4.64328 2.47588 0.489083
C -5.81232 1.50691 0.389638
C -5.44346 0.313873 -0.568011
C -3.88993 0.101341 -0.648661
C -3.09547 0.360189 0.667532
C -3.36026 1.85219 1.08497
C -3.48952 -1.23723 -1.27467
C -2.0152 -1.19776 -1.67981
C -1.12418 -0.57963 -0.629687
C -1.58841 0.128437 0.422538
C -6.21478 -0.960296 -0.174003
C -5.91828 0.725944 -1.98033
C -0.65961 0.66201 1.51527
C 0.86501 0.438025 1.32816
C 1.12795 -0.820001 0.506112
C 0.375258 -0.687527 -0.859604
C 2.58622 -1.04167 0.0454554
C 2.43506 -1.98995 -1.18965
C 0.937964 -1.90556 -1.63386
C 3.61043 -1.43918 1.14513
C 4.96691 -0.744676 0.891604
C 4.95078 0.762481 1.23168
C 6.2004 1.47593 0.78283
C 6.40636 2.02802 -0.424118
C 3.82668 -2.95129 1.32353
C 7.71722 2.68897 -0.775774
C 5.38013 2.03823 -1.53196
O -6.17593 1.138 1.73739
C 0.763652 0.582813 -1.67432
C 0.628986 -2.04509 1.30964
H 3.21951 -1.04825 2.09792
H -3.52572 0.877237 -1.34134
C -3.53442 -0.589085 1.81186
H -4.9402 3.35007 1.08169
H -4.43656 2.83138 -0.528964
H -6.6759 2.03004 -0.0554938
H -3.3935 1.92051 2.17839
H -2.5247 2.47965 0.75231
H -4.11057 -1.45695 -2.15235
H -3.65477 -2.05026 -0.55701
H -1.65985 -2.21373 -1.90109
H -1.90477 -0.633416 -2.62223
H -5.89345 -1.35863 0.791866
H -7.29377 -0.746367 -0.125217
H -6.07508 -1.74064 -0.930382
H -5.48743 1.69464 -2.26704
H -5.61354 -0.0168933 -2.72763
H -7.01298 0.813226 -2.00902
H -0.962629 0.185307 2.45833
H -0.837899 1.73289 1.67222
H 1.32028 1.30091 0.827425
H 1.34189 0.361117 2.3154
H 2.91927 -0.0712705 -0.338491
H 3.10979 -1.68267 -1.99739
H 2.69138 -3.02295 -0.937291
H 0.406608 -2.82095 -1.35047
H 0.830514 -1.78926 -2.71892
H 5.24453 -0.874039 -0.164952
H 5.75532 -1.23135 1.4842
H 4.06421 1.2262 0.781531
H 4.83212 0.868773 2.31978
H 7.02527 1.50461 1.49868
H 4.43892 -3.13507 2.21652
H 4.36057 -3.37282 0.461156
H 2.88197 -3.49337 1.4361
H 8.42347 2.65731 0.0629501
H 8.18386 2.19623 -1.64352
H 7.5605 3.74179 -1.0597
H 4.45299 1.52318 -1.2612
H 5.78934 1.55251 -2.43144
H 5.13204 3.07176 -1.82041
H -6.95707 0.572828 1.67892
H 0.540411 1.50085 -1.12214
H 0.167874 0.593948 -2.59633
H 1.82093 0.587225 -1.96674
H -0.441927 -1.97071 1.51969
H 1.16903 -2.09486 2.26299
H 0.806266 -2.98356 0.774915
H -4.56163 -0.381002 2.11546
H -2.89872 -0.437052 2.69183
H -3.44018 -1.63838 1.50852
 5 educt 
 $coord  
C -1.34603 1.13134 -0.397382
C -2.44398 0.944933 0.352047
C -3.27209 -0.315908 0.322931
C -2.53658 -1.56202 -0.276249
C -1.05558 -1.30095 -0.588543
C -0.929975 0.0367008 -1.36116
C 2.94934 0.973555 0.22821
C 1.62375 0.63297 0.540966
C 1.24363 -0.721299 0.412195
C 2.17165 -1.6782 -0.0210924
C 3.48813 -1.31656 -0.318915
C 3.87702 0.0192477 -0.197382
C -0.350902 2.21843 -0.0819381
C 0.670624 1.72567 0.992456
C -0.172025 -1.21071 0.667978
O -0.546585 -1.53599 1.77935
H -2.70548 1.6919 1.10432
H -3.57664 -0.53464 1.35501
H -4.20707 -0.149209 -0.234767
H -3.02036 -1.86043 -1.21464
H -2.61961 -2.40055 0.423516
H -0.648361 -2.12319 -1.19937
H 0.0916621 0.19611 -1.71903
H -1.58846 0.000782497 -2.24087
H 3.2563 2.01396 0.330792
H 1.86141 -2.71803 -0.115912
H 4.20094 -2.07294 -0.641296
H 4.89798 0.31801 -0.427175
H 0.192812 2.53767 -0.98262
H -0.867161 3.09472 0.33275
H 0.0925412 1.37757 1.85792
H 1.26909 2.58704 1.31791
 6 educt 
 $coord  
C 1.40154 -0.692892 0.141904
C 1.00076 -2.0719 0.274583
C 1.64656 -3.30345 0.0521462
C 0.937984 -4.48366 0.263955
C -0.410656 -4.46344 0.686143
C -1.08457 -3.26054 0.891569
C -0.361901 -2.08427 0.677225
H 2.68035 -3.32761 -0.283145
H 1.4278 -5.44093 0.0973123
H -0.935269 -5.40332 0.845131
H -2.12587 -3.22497 1.20037
N -0.774648 -0.767292 0.760065
C 0.291229 0.0898432 0.437901
C 0.17564 1.548 0.556509
C 2.72738 -0.215785 -0.273349
C 3.89369 -0.83233 0.220383
C 5.15928 -0.387567 -0.170333
C 5.28629 0.683585 -1.06118
C 4.13438 1.30324 -1.56129
C 2.87009 0.855793 -1.1766
H 3.79965 -1.65082 0.930097
H 6.04819 -0.874618 0.22717
H 6.27198 1.03049 -1.36527
H 4.22188 2.13251 -2.26121
H 1.97847 1.33258 -1.57556
C -0.896419 2.26086 -0.0139737
C -0.971393 3.6502 0.115557
C 0.0230993 4.35025 0.806272
C 1.09663 3.65041 1.37121
C 1.1709 2.26289 1.2522
H -1.6579 1.73123 -0.578589
H -1.80488 4.18581 -0.335017
H -0.0358895 5.43264 0.902782
H 1.875 4.18684 1.91053
H 2.00203 1.71717 1.69065
N -2.0327 -0.404188 1.20671
C -3.05246 -0.198213 0.250708
C -4.20521 0.504414 0.641107
C -5.25126 0.685471 -0.263218
C -5.16572 0.17129 -1.56333
C -4.01617 -0.527219 -1.94512
C -2.95966 -0.71657 -1.04969
H -4.27228 0.909833 1.65
H -6.13668 1.23566 0.0497118
H -5.98295 0.314366 -2.26638
H -3.93369 -0.931953 -2.95207
H -2.06875 -1.25941 -1.35178
H -1.98386 0.297559 1.93722
 7 educt 
 $coord  
C -2.75757 1.35757 -0.555034
C -4.25162 1.26001 -0.214005
C -4.79737 -0.120951 -0.584743
C -4.02779 -1.1974 0.196211
C -2.53061 -1.11031 0.0231317
C -1.87543 0.270997 0.116725
C -0.479963 0.265611 -0.602124
C 0.336197 -0.994497 -0.318621
C -0.307261 -2.15109 -0.0546654
C -1.75841 -2.21705 -0.00407615
C 0.289689 1.60006 -0.379984
C 1.79736 -0.915664 -0.634323
C 1.78191 1.56235 -0.764626
C 2.48191 0.368759 -0.106725
C -1.74591 0.561118 1.63755
C 2.75003 -2.05428 -0.228982
C 3.93618 0.119017 -0.575394
C 2.39915 0.456562 1.43068
C 4.16448 -1.3934 -0.273757
O -6.21489 -0.22757 -0.372447
C 5.0027 1.04031 0.0167075
H -2.37547 2.34773 -0.277849
H -2.64768 1.26341 -1.64602
H -4.40927 1.42223 0.864188
H -4.81513 2.03408 -0.750276
H -4.665 -0.285033 -1.66256
H -4.27815 -1.04385 1.26312
H -4.38705 -2.1969 -0.0781661
H -0.702812 0.207092 -1.68595
H 0.260503 -3.07464 0.0469504
H -2.2321 -3.19904 0.0299027
H -0.215761 2.3933 -0.942966
H 0.230891 1.88113 0.675505
H 1.8568 -0.824964 -1.73649
H 1.89407 1.46928 -1.85617
H 2.25408 2.50933 -0.464883
H -2.70508 0.389577 2.13887
H -1.0012 -0.109168 2.08268
H -1.4543 1.60074 1.82997
H 2.66698 -2.91875 -0.89766
H 2.5113 -2.39806 0.785153
H 3.93281 0.252748 -1.66863
H 1.36673 0.333719 1.77502
H 3.00368 -0.325709 1.90388
H 2.76805 1.42959 1.77926
H 4.8114 -1.85158 -1.03141
H 4.67237 -1.50719 0.692876
H -6.36749 -0.102023 0.57575
H 5.06945 0.910475 1.10465
H 4.77464 2.09502 -0.190147
H 5.98995 0.817293 -0.410089
 8 educt 
 $coord  
C -1.8839 3.24635 0.0292873
C -0.517253 3.06358 -0.017295
C 0.183536 1.82316 0.119043
C 1.52654 1.75183 -0.102333
N 2.39107 0.651574 0.0184292
C -2.86733 2.22119 0.0389752
C -4.22494 2.46428 0.0783634
C -5.33669 1.57093 -0.00285201
C -5.40919 0.188405 -0.0631632
C -4.34049 -0.724462 0.0694919
C -4.38129 -2.08665 -0.135939
C -3.22753 -2.93077 -0.0877948
C -1.93547 -2.45537 -0.108324
C -0.742593 -3.19126 0.0977612
C 0.515868 -2.62426 0.152345
C 0.819013 -1.25516 -0.129
C 2.01359 -0.69227 0.19414
C 3.78426 0.979264 -0.0278696
O 4.21201 2.11292 -0.0714685
O 4.54525 -0.135098 -0.033331
C 5.9902 0.0924341 -0.042955
C 6.6545 -1.27174 -0.0201443
H -2.24961 4.27496 0.00819687
H 0.099068 3.95207 -0.166406
H -0.38036 0.956613 0.44579
H 2.05568 2.65411 -0.389987
H -2.50014 1.20527 -0.0652212
H -4.50688 3.51887 0.140292
H -6.29863 2.08135 -0.0683724
H -6.39919 -0.236873 -0.243548
H -3.39338 -0.313826 0.398281
H -5.34367 -2.55344 -0.356074
H -3.38803 -4.0093 -0.0308911
H -1.81446 -1.38384 -0.258199
H -0.83191 -4.2592 0.302846
H 1.34587 -3.25658 0.472411
H 0.067872 -0.659638 -0.633999
H 2.78593 -1.30305 0.646667
H 6.2512 0.698783 0.832824
H 6.23966 0.663322 -0.94542
H 6.38676 -1.82418 0.888615
H 7.74394 -1.14023 -0.0381431
H 6.36113 -1.86406 -0.895029
 9 educt 
 $coord  
C 0 -1.26095 -1.28831
C 0 0 -2.17918
C 0 1.26095 -1.28831
C -1.25822 1.25573 -0.395432
C -1.2792 0 0.507872
C -1.25822 -1.25573 -0.395432
C 1.25822 -1.25573 -0.395432
C 1.25822 1.25573 -0.395432
C 1.2792 0 0.507872
C 0 0 1.37586
C -2.52521 0 1.39597
H 0 -2.16055 -1.91938
H 0.888366 0 -2.82759
H -0.888366 0 -2.82759
H 0 2.16055 -1.91938
H -1.27662 2.15671 0.236344
H -2.16441 1.26841 -1.01961
H -1.27662 -2.15671 0.236344
H -2.16441 -1.26841 -1.01961
H 1.27662 -2.15671 0.236344
H 2.16441 -1.26841 -1.01961
H 1.27662 2.15671 0.236344
H 2.16441 1.26841 -1.01961
C 2.52521 0 1.39597
H 0 0.887782 2.02706
H 0 -0.887782 2.02706
H -3.43828 0 0.783683
H -2.54223 -0.890844 2.03988
H -2.54223 0.890844 2.03988
H 3.43828 0 0.783683
H 2.54223 0.890844 2.03988
H 2.54223 -0.890844 2.03988
 10 educt 
 $coord  
C -1.67936 1.08308 0.484431
C -2.98062 1.59983 0.435878
C -4.03589 0.812719 -0.0239166
C -3.79243 -0.496379 -0.447219
C -2.49171 -1.00649 -0.39137
C -1.41112 -0.248337 0.0800232
O -0.70841 1.93975 0.947658
C 0.0100175 -0.837288 0.23761
C 1.0129 0.101257 -0.488334
C 2.24812 0.464851 -0.0652417
C 0.498682 0.572617 -1.84644
C 3.09508 1.45847 -0.840808
C 2.96973 -0.0732795 1.16148
C 0.153352 -2.23213 -0.414158
H 0.171199 1.57437 0.728573
C 0.197031 -1.02271 1.76972
H -3.13996 2.62658 0.757446
H -5.04219 1.22597 -0.0570321
H -4.60394 -1.11863 -0.818213
H -2.31885 -2.02688 -0.721874
H 1.30592 0.650891 -2.5817
H -0.247083 -0.128273 -2.23543
H 0.000728034 1.55036 -1.77915
H 2.52525 2.06412 -1.55038
H 3.89518 0.939128 -1.39327
H 3.59412 2.14001 -0.137103
H 2.92766 -1.16605 1.21442
H 4.02762 0.214022 1.12263
H 2.55918 0.318843 2.10053
H 1.18423 -2.58011 -0.278475
H -0.519791 -2.95756 0.060504
H -0.0667495 -2.20394 -1.48757
H 1.07951 -1.62071 2.0098
H 0.263704 -0.0632534 2.29251
H -0.681121 -1.55486 2.15447
 11 educt 
 $coord  
C -4.1824 1.28468 0
C -5.32577 0.483067 0
C -5.2076 -0.920743 0
C -3.9624 -1.55928 0
C -2.82499 -0.748994 0
C -2.92922 0.664959 0
C -1.5663 1.21364 0
C -0.68374 0.00288452 0
N -1.48517 -1.1188 0
O -1.17242 2.38506 0
C 0.68374 -0.00288452 0
N 1.48517 1.1188 0
C 2.82499 0.748994 0
C 2.92922 -0.664959 0
C 1.5663 -1.21364 0
C 3.9624 1.55928 0
C 5.2076 0.920743 0
C 5.32577 -0.483067 0
C 4.1824 -1.28468 0
O 1.17242 -2.38506 0
H -4.24809 2.37066 0
H -6.31307 0.938547 0
H -6.10977 -1.52955 0
H -3.88646 -2.64439 0
H -1.10298 -2.05678 0
H 1.10298 2.05678 0
H 3.88646 2.64439 0
H 6.10977 1.52955 0
H 6.31307 -0.938547 0
H 4.24809 -2.37066 0
 12 educt 
 $coord  
C -2.54173 0.490416 0.937657
C -1.58096 0.248959 -0.0481106
C -1.92938 -0.539294 -1.15784
C -3.20514 -1.07967 -1.27181
C -4.16626 -0.839788 -0.274167
C -3.82841 -0.0495045 0.835824
C -0.205428 0.89341 0.0254249
N 0.823046 0.0542274 -0.546964
C 1.74435 -0.121802 0.335537
C 1.37033 0.547656 1.6505
O 0.156711 1.13194 1.42335
C -0.216175 2.28557 -0.6865
C 2.9837 -0.867531 0.0879236
C 3.31608 -1.22872 -1.23522
C 4.48413 -1.93857 -1.49794
C 5.33955 -2.2999 -0.447299
C 5.01918 -1.94293 0.865687
C 3.85032 -1.22772 1.1383
O 1.93997 0.595569 2.71199
C 1.13215 2.93481 -0.74997
C 1.70599 3.70127 0.173989
O -5.38994 -1.41716 -0.47405
C -6.3976 -1.20322 0.519978
F 1.81492 2.63276 -1.8958
H -0.607027 2.1332 -1.69781
H -1.18718 -0.735319 -1.92668
H -3.47725 -1.69683 -2.12454
H -4.54983 0.148437 1.62235
H -2.28661 1.09335 1.80476
H 3.60593 -0.946431 2.15697
H 5.68148 -2.22004 1.68325
H 6.25327 -2.85374 -0.654856
H 4.7341 -2.20841 -2.52205
H 2.64945 -0.936042 -2.04184
H -7.27937 -1.74617 0.16936
H -6.63351 -0.132754 0.620406
H -6.07977 -1.59789 1.49704
H 1.16612 3.92418 1.08851
H 2.70772 4.09748 0.0348421
H -0.916935 2.91622 -0.130219
 13 educt 
 $coord  
C -1.47627 -1.15316 -0.292796
C -2.86892 -1.15881 -0.294692
C -3.59226 0.00184956 0.0382389
C -2.86824 1.16159 0.37328
C -1.47569 1.1545 0.373398
C -0.739311 0.000234896 0.0410634
C 1.47627 1.15316 -0.292796
C 0.739311 -0.000234896 0.0410634
C 1.47569 -1.1545 0.373398
C 2.86824 -1.16159 0.37328
C 3.59226 -0.00184956 0.0382389
C 2.86892 1.15881 -0.294692
N 4.99096 0.0138526 0.0923716
N -4.99096 -0.0138526 0.0923716
H -0.945575 -2.05785 -0.582591
H -3.40776 -2.06659 -0.565539
H -3.40667 2.06804 0.649043
H -0.944434 2.05992 0.659738
H 0.945575 2.05785 -0.582591
H 0.944434 -2.05992 0.659738
H 3.40667 -2.06804 0.649043
H 3.40776 2.06659 -0.565539
H 5.43534 -0.887836 -0.024637
H 5.43454 0.731266 -0.466878
H -5.43454 -0.731266 -0.466878
H -5.43534 0.887836 -0.024637
 14 educt 
 $coord  
C -3.24936 -0.212182 0.190882
C -3.01801 -0.0802601 1.55311
C -1.7187 0.143077 2.0465
C -0.658905 0.237377 1.15805
C -0.85036 0.110814 -0.240083
C -2.18086 -0.127187 -0.722042
C 0.257368 0.192893 -1.20091
O -2.46179 -0.277404 -2.02665
O 0.0637521 0.021523 -2.42106
C 1.687 0.513911 -0.736396
C 1.82965 1.96165 -0.236582
C 2.26431 -0.537731 0.241396
O 2.83801 -0.218511 1.26503
C 2.09562 -1.98435 -0.18481
H -4.2473 -0.390066 -0.201691
H -3.85485 -0.151744 2.24553
H -1.54519 0.241444 3.115
H 0.337705 0.411287 1.5486
H -1.5891 -0.204256 -2.50899
H 2.28669 0.397982 -1.65101
H 1.23053 2.14235 0.660044
H 1.50728 2.65825 -1.0195
H 2.87801 2.15978 0.0111843
H 2.38148 -2.11343 -1.23712
H 1.03194 -2.25389 -0.109562
H 2.68509 -2.64132 0.461071
 15 educt 
 $coord  
C 0.299125 1.2372 -0.814044
C -0.283311 -0.0644153 -1.41453
C 0.00795465 -1.42104 -0.748007
C 0.0875539 -1.21569 0.833483
C -0.179121 0.217185 1.44615
C -0.319526 1.53772 0.556654
C -0.0685512 1.92163 -2.17123
C 0.0211174 0.49892 -2.83524
C -1.80193 -0.46377 -1.32924
C -1.32606 -1.94332 -1.31233
C 1.36585 -2.15432 -0.724428
C 1.48333 -1.89817 0.807987
C -1.00664 -1.78074 1.77854
C -1.42423 -0.341307 2.18304
C 0.874576 0.950561 2.31773
C 0.506802 2.30057 1.63889
O -1.6336 2.05409 0.343405
C 1.83956 1.18016 -0.719661
H 0.615279 2.69933 -2.5355
H -1.09668 2.29571 -2.1703
H -0.713227 0.260431 -3.61347
H 1.02532 0.2754 -3.21183
H -2.43581 -0.131344 -2.15942
H -2.2678 -0.175048 -0.387711
H -1.89617 -2.67374 -0.724989
H -1.18889 -2.33308 -2.3302
H 2.14371 -1.68448 -1.33831
H 1.29716 -3.21524 -0.996284
H 1.52104 -2.8073 1.42214
H 2.3194 -1.25571 1.10833
H -0.560252 -2.34154 2.60969
H -1.78666 -2.40081 1.32257
H -2.37119 -0.0261208 1.72782
H -1.46262 -0.131612 3.2601
H 1.90365 0.6334 2.12096
H 0.696587 0.891856 3.39901
H -0.16212 2.90923 2.26099
H 1.33095 2.93536 1.29544
H -2.05553 2.12517 1.21078
H 2.18809 0.525213 0.0786384
H 2.2826 0.8219 -1.65291
H 2.23025 2.18776 -0.532698
 16 educt 
 $coord  
C -3.05197 0.810829 -0.43971
C -3.27108 -0.486972 0.0141966
C -2.18361 -1.36331 0.187109
C -0.867862 -0.960386 -0.109837
C -0.659671 0.39392 -0.48869
C -1.74845 1.25697 -0.687451
C -1.53691 2.67202 -1.19686
C 0.785341 0.858654 -0.722152
C -0.133323 2.83336 -1.78557
N 0.85493 2.33529 -0.812922
C 1.7107 0.183108 0.299761
C 0.300002 -1.86917 -0.0613793
C 1.58156 -1.31117 0.128686
C 1.31618 -4.07623 -0.236529
C 2.59435 -3.51447 -0.0139088
C 2.70891 -2.13674 0.158901
C 0.189262 -3.26153 -0.26697
O -4.54679 -0.898175 0.293223
O -2.52228 -2.63732 0.653366
C -2.11356 -2.86529 2.02228
O 1.31868 -5.4451 -0.419533
C 0.059215 -6.08123 -0.652629
O 3.71956 -4.29253 0.0203642
C 1.33722 3.14804 0.187981
O 2.04547 2.81879 1.12508
O 0.946808 4.45374 -0.0214735
C 1.49693 5.42058 0.911438
C 0.939977 6.78199 0.529004
H -3.9037 1.47011 -0.593762
H -2.29784 2.90814 -1.95392
H -1.65881 3.39606 -0.378341
H 1.10009 0.496864 -1.71677
H -0.0295002 2.21787 -2.68992
H 0.0829776 3.86977 -2.04501
H 1.41582 0.479278 1.31302
H 2.74466 0.505988 0.154392
H 3.69827 -1.71012 0.308821
H -0.787081 -3.69231 -0.448344
H -4.48483 -1.84104 0.527431
H -2.56611 -2.11371 2.68564
H -1.02009 -2.82659 2.10727
H -2.47297 -3.86536 2.28747
H 0.276463 -7.14738 -0.76122
H -0.623613 -5.92006 0.195366
H -0.40993 -5.69694 -1.57072
H 3.45046 -5.21203 -0.135298
H 1.21194 5.1356 1.93178
H 2.59232 5.39535 0.847831
H -0.154991 6.78889 0.595862
H 1.33499 7.54191 1.21598
H 1.23188 7.05206 -0.493346
 17 educt 
 $coord  
C 0.0750988 1.31683 -1.30921
C -1.20805 0.583151 -1.22894
C -1.04311 -0.402605 -0.0948519
C 0.401914 -0.278928 0.41876
C 0.964537 0.911414 -0.371495
C 2.77464 2.60166 -0.801652
C 2.28358 1.48675 -0.0857443
C 3.10735 0.941064 0.920664
C 4.36582 1.4815 1.19646
C 4.83629 2.58124 0.474209
C 4.03071 3.13794 -0.528754
C 1.61741 -1.93794 -1.0757
C 1.16813 -1.57531 0.2019
C 1.39167 -2.45268 1.27181
C 2.05555 -3.66775 1.07441
C 2.50199 -4.0205 -0.203408
C 2.27967 -3.15151 -1.27813
C -5.62865 1.23111 0.999552
C -6.24723 0.223065 0.252603
C -5.46514 -0.614585 -0.551294
C -4.07995 -0.447023 -0.606496
C -3.44534 0.563261 0.140276
C -4.24256 1.39944 0.941173
C -1.97642 0.771914 0.0984156
H 0.237246 2.12929 -2.01303
H -1.80501 0.374303 -2.11503
H -1.49028 -1.3926 -0.138268
H 0.405394 -0.0546336 1.49541
H 2.16175 3.05318 -1.57834
H 2.76616 0.0767026 1.48243
H 4.98072 1.03752 1.97734
H 5.81663 3.00246 0.688098
H 4.38386 3.99691 -1.09678
H 1.45422 -1.25363 -1.9058
H 1.04417 -2.17604 2.26713
H 2.22577 -4.33623 1.91662
H 3.0218 -4.9637 -0.360507
H 2.62771 -3.41837 -2.27459
H -6.22602 1.88894 1.62849
H -7.32648 0.0908597 0.295709
H -5.93606 -1.40234 -1.13688
H -3.48412 -1.10632 -1.23487
H -3.76527 2.18722 1.52276
H -1.61011 1.58498 0.725546
 18 educt 
 $coord  
N -0.40955 1.88595 2.53146
C -0.507793 1.27171 1.55112
C -0.636602 0.522888 0.288777
C -0.0916431 -0.91197 0.429761
C -0.422874 -1.85144 -0.557257
C 0.14295 -3.12757 -0.539111
C 1.0449 -3.48182 0.470994
C 1.3724 -2.55098 1.45957
C 0.810028 -1.27034 1.43763
H -1.13094 -1.5822 -1.33803
H -0.123302 -3.84639 -1.31165
H 1.4868 -4.47596 0.486207
H 2.07388 -2.81479 2.24836
H 1.08617 -0.546934 2.20097
C -2.14425 0.501702 -0.0637842
C -2.6656 1.08823 -1.2218
C -4.03752 1.01485 -1.49797
C -4.89991 0.359892 -0.617668
C -4.38448 -0.224145 0.546455
C -3.01907 -0.154316 0.817638
H -2.01725 1.60619 -1.922
H -4.42635 1.47441 -2.40454
H -5.96506 0.305099 -0.83303
H -5.04719 -0.735457 1.24173
H -2.61792 -0.614291 1.71833
C 0.223865 1.27265 -0.803014
C 1.7039 1.29143 -0.510303
C 2.52035 0.243543 -0.960023
C 3.87239 0.25539 -0.638032
C 4.45329 1.271 0.117086
C 3.63203 2.31254 0.560705
C 2.26902 2.32494 0.250503
H 2.1088 -0.583089 -1.53239
F 4.65571 -0.769501 -1.0744
H 5.51558 1.23881 0.343878
H 4.06067 3.11794 1.15302
H 1.63617 3.1323 0.610441
H 0.0343239 0.752804 -1.74826
H -0.155923 2.2969 -0.891383
 19 educt 
 $coord  
C 0.940518 0.633931 -0.659876
C 0.2998 -0.658017 -0.0377238
C 1.24771 -0.975726 1.14074
C 2.29829 0.205411 1.14679
C 3.56358 -0.156305 0.259183
C 1.98996 0.0935958 -1.6401
O 1.61466 1.24744 0.448927
C 2.66343 0.69577 2.54053
C -0.00335984 1.68418 -1.22586
C 3.19422 -0.323858 -1.20144
N 0.369326 -0.932575 2.34682
N -0.803189 -0.638522 2.02613
N -0.956598 -0.445397 0.675316
C -3.66955 -0.562728 -1.85811
C -4.79459 -0.293199 -1.07531
C -4.63207 -0.0765723 0.298947
C -3.36979 -0.120008 0.888167
C -2.23878 -0.395237 0.0958984
C -2.39717 -0.616378 -1.28339
H 0.197925 -1.45959 -0.775105
H 1.72709 -1.95423 1.10848
CL 4.34817 -1.67958 0.920925
CL 4.8275 1.19338 0.332518
CL 1.47439 -0.134769 -3.29591
H 3.20186 -0.0859834 3.0845
H 1.74406 0.928485 3.08209
H 3.28529 1.59073 2.47255
H -0.5916 1.29306 -2.05683
H 0.579834 2.54631 -1.56649
H -0.681496 1.99705 -0.426796
CL 4.40878 -0.974285 -2.27593
H -3.77435 -0.7355 -2.92738
H -5.7829 -0.25113 -1.52694
H -5.49811 0.135434 0.922816
H -1.53599 -0.822742 -1.91111
H -3.24686 0.0475505 1.95298
 20 educt 
 $coord  
C -0.32218 2.39855 0.00279214
C -0.127766 0.987564 0.586007
C -1.27551 0.0545199 0.209808
C -1.25079 -0.702635 -0.96882
C -2.32845 -1.52647 -1.30377
C -3.44325 -1.60595 -0.46218
C -3.47428 -0.854605 0.716766
C -2.39571 -0.0296184 1.04833
H -0.382298 -0.652457 -1.62003
H -2.29573 -2.11003 -2.22199
H -4.28005 -2.25158 -0.721789
H -4.33607 -0.911153 1.37917
H -2.42273 0.561278 1.96224
C 1.25325 0.416129 0.292588
C 1.88538 -0.339585 1.29255
C 3.13505 -0.922309 1.07216
C 3.77753 -0.755115 -0.159633
C 3.15877 -0.00364483 -1.16221
C 1.90417 0.57579 -0.940847
H 1.3855 -0.473756 2.25104
H 3.6077 -1.50423 1.86116
H 4.75246 -1.20571 -0.3347
H 3.65044 0.133036 -2.12358
H 1.43449 1.14993 -1.73398
H -0.181584 1.15017 1.67096
H 0.551064 3.04384 0.17191
F -0.564231 2.37472 -1.35719
F -1.41519 3.00332 0.59324
 21 educt 
 $coord  
C -0.0828779 3.82849 -0.104839
C 0.185411 2.86221 -1.31386
C 0.270613 1.50498 -0.564566
C 0.0200471 1.97665 0.92588
C 1.20911 2.75872 1.43901
C 1.16519 3.91973 0.772872
C -0.980233 -2.40564 0.357917
C -1.33046 -3.14555 -0.777396
C -0.502851 -4.1771 -1.23771
C 0.685563 -4.4712 -0.563452
C 1.04238 -3.73374 0.573487
C 0.214759 -2.70626 1.03069
O -0.965942 3.03263 0.700435
CL -0.832206 5.40157 -0.552168
C -0.596566 0.764493 1.61748
N -1.16533 0.0268237 0.613688
C -0.932193 0.544405 -0.74005
C -1.83661 -1.24965 0.836769
O -0.566482 0.49288 2.81
C 1.58715 0.753018 -0.765269
H -0.662638 2.90822 -2.00388
H 1.10612 3.11696 -1.84762
H 1.96695 2.3815 2.1162
H 1.8716 4.74174 0.753435
H -2.25764 -2.91425 -1.30125
H -0.785509 -4.74707 -2.12083
H 1.33059 -5.27252 -0.918604
H 1.96359 -3.96516 1.10513
H 0.484872 -2.12917 1.91361
H -0.701887 -0.290044 -1.41465
H -1.82386 1.07328 -1.10425
H -2.80153 -1.24353 0.311415
H -2.02312 -1.32105 1.91443
H 2.44113 1.39267 -0.514389
H 1.68454 0.437308 -1.81205
H 1.61831 -0.146338 -0.135636
 22 educt 
 $coord  
C -2.2061 -0.150061 0.851377
C -1.91742 -0.102595 -0.743135
C -3.2253 0.568124 -1.31182
C -3.74808 1.52487 -0.196035
C -3.5266 0.697991 1.11687
C -0.690539 0.815095 -1.0285
C 0.646906 0.193358 -0.618891
C 1.59838 1.08582 0.103485
C 1.87463 2.36825 -0.400493
C 2.75698 3.21695 0.270998
C 3.35137 2.80422 1.46861
C 3.06366 1.53754 1.98826
C 2.19637 0.680499 1.30777
O -1.77524 -1.35118 -1.33747
F -3.02254 1.23596 -2.48244
F -4.18313 -0.373786 -1.53107
F -2.97278 2.65134 -0.152902
F -5.03261 1.90088 -0.371238
F -3.40711 1.49978 2.19956
F -4.6086 -0.106668 1.30304
C -2.28962 -1.59646 1.44589
F -3.2131 -2.35726 0.846493
F -1.17403 0.46525 1.54925
N 0.841295 -1.02692 -0.958339
C 2.09578 -1.75261 -0.748723
C 1.87674 -2.86273 0.289345
C 2.52127 -2.34331 -2.10159
F -1.08547 -2.20458 1.33262
F -2.58368 -1.52752 2.76956
H 2.89026 -1.0815 -0.391759
H 2.67925 -1.54948 -2.84191
H 3.45733 -2.90413 -1.98313
H 1.74676 -3.02358 -2.47834
H 1.58878 -2.44931 1.26229
H 1.08075 -3.54078 -0.041981
H 2.80285 -3.43874 0.409618
H 1.40586 2.69647 -1.32629
H 2.9738 4.20273 -0.135268
H 4.02958 3.47005 1.99829
H 3.51096 1.21818 2.92735
H 1.95728 -0.296055 1.71899
H -0.81276 1.78569 -0.549659
H -0.681029 0.966737 -2.11366
H -0.791125 -1.54652 -1.31503
 23 educt 
 $coord  
N -0.0729786 1.94923 -0.475905
C 0.869074 1.08324 0.445402
C 0.120826 -0.292251 0.428735
C -1.3124 0.07471 0.255693
C -1.42544 1.34858 -0.299312
C 2.27076 0.75602 -0.134277
C 2.22631 -0.795564 -0.236409
C 2.13294 -1.37336 1.20825
C 0.641258 -1.1102 1.62585
C 0.80025 -1.0561 -0.799684
C -2.62731 1.94164 -0.64987
C -3.79212 1.20007 -0.417389
C -3.70419 -0.0846154 0.141104
C -2.47147 -0.662997 0.482223
C 0.903964 1.83076 1.7752
C 0.386963 -2.53847 -0.884737
C 0.530053 -0.468985 -2.20265
CL -5.17227 -0.988942 0.425388
H -2.42989 -1.65696 0.917198
H -4.7635 1.61879 -0.661946
H -2.68597 2.93874 -1.08062
H 0.225444 1.88388 -1.45489
H -0.0455778 2.93545 -0.199345
H 0.543228 -0.575557 2.57322
H 0.0758203 -2.03954 1.72606
H 2.84185 -0.879224 1.88166
H 2.36136 -2.44232 1.2167
H 3.04847 -1.21058 -0.826852
H 3.05728 1.1044 0.542452
H 2.44961 1.22724 -1.10733
H 1.33584 2.83098 1.63163
H -0.0966235 1.92341 2.21539
H 1.54983 1.29989 2.47804
H -0.546296 -0.326096 -2.36446
H 1.05643 0.469975 -2.41641
H 0.880636 -1.17127 -2.96653
H -0.684892 -2.61526 -1.10987
H 0.932939 -3.01904 -1.70483
H 0.5898 -3.10967 0.0231239
 24 educt 
 $coord  
C -0.184878 -0.331534 0.0582453
C 0.511802 0.866367 -0.525953
C 0.403302 -1.67131 -0.24155
C -0.0114045 2.23688 0.0261873
C 0.477076 0.818984 -2.07694
C -0.442413 2.08389 1.49603
H 0.851682 2.91484 -0.00123259
C -1.12175 2.90322 -0.801805
C -1.61411 1.1022 1.61923
H 0.397987 1.716 2.10011
H -0.731656 3.06062 1.89999
C -1.26537 -0.241078 0.954045
H -1.86032 0.908029 2.66911
H -2.508 1.55545 1.17298
H -1.30334 -1.11486 1.6221
SI -2.98329 -0.968604 -0.0504101
C 1.86899 -1.7227 0.282426
C 2.70365 -0.604943 -0.355835
C 2.02876 0.745526 -0.0722571
H -0.185365 -2.46893 0.217963
H 0.427229 -1.83625 -1.32681
H 1.86103 -1.61251 1.37455
H 2.28453 -2.7097 0.0497946
C 4.15007 -0.605716 0.123111
H 2.71823 -0.769176 -1.44099
H 2.08003 0.95503 1.00215
H 2.55959 1.55213 -0.591059
C -4.2094 -0.927989 1.38492
C -3.47466 0.176065 -1.46385
C -2.65009 -2.72434 -0.650516
H -5.17831 -1.30267 1.02373
H -3.8871 -1.57232 2.21295
H -4.36327 0.0868118 1.76911
H -4.33207 -0.290782 -1.97203
H -3.80015 1.16289 -1.11646
H -2.68083 0.305332 -2.20823
H -3.59999 -3.12413 -1.03599
H -1.91979 -2.76771 -1.46653
H -2.31813 -3.39057 0.155469
H 1.01658 1.69325 -2.45759
H 0.962584 -0.07932 -2.46547
H -0.548433 0.858737 -2.45613
H -1.42561 3.83702 -0.313626
H -0.781514 3.1493 -1.81239
H -2.00553 2.26624 -0.891145
C 5.15036 -0.673013 -0.762833
C 4.39863 -0.524417 1.61032
H 6.19078 -0.666117 -0.442525
H 4.95845 -0.739065 -1.83332
H 3.99265 -1.40355 2.13155
H 5.47139 -0.472479 1.82272
H 3.92139 0.360953 2.05465
 1 product 
 $coord  
C -0.935051 1.36315 0.36207
C -0.890162 -0.180308 0.0926089
C 0.638927 -0.0388228 0.192393
C 0.33861 1.48059 -0.143069
C 1.15214 2.58373 -0.791938
C 1.84372 3.52078 0.226853
C 2.227 1.93716 -1.68956
C 0.24331 3.43291 -1.71092
C -2.09138 2.23386 0.792382
C -1.60046 3.51983 1.48953
C -2.99929 2.6132 -0.406041
C -2.941 1.42095 1.79656
C -0.637602 -1.71073 0.245239
C 0.63069 -1.54704 -0.291582
C 1.31353 -0.0787791 1.68544
C 0.883853 1.08132 2.60887
C 2.83701 0.0233682 1.47094
C 1.04039 -1.3635 2.50462
C 1.56595 -2.44241 -1.06702
C 2.31109 -3.43865 -0.145078
C 0.737425 -3.24151 -2.10606
C 2.58553 -1.5844 -1.83959
C -1.37122 -0.201503 -1.39112
O -0.722462 0.0231665 -2.39514
O -2.6836 -0.539149 -1.41107
C -3.29509 -0.624904 -2.72176
C -1.5142 -2.7979 0.661369
O -2.64483 -2.6462 1.09094
O -0.898663 -4.02555 0.585496
C -1.7004 -5.14443 1.02888
H 2.36022 4.32358 -0.317222
H 1.11541 3.97562 0.90684
H 2.58747 2.98442 0.826288
H 2.90614 1.30474 -1.11042
H 1.75058 1.31668 -2.45525
H 2.81457 2.72509 -2.17973
H -0.286488 2.78556 -2.41829
H -0.491414 4.00548 -1.1381
H 0.861906 4.14485 -2.27438
H -0.94401 3.27696 2.33243
H -1.05444 4.17392 0.803085
H -2.46694 4.07706 1.87028
H -2.43842 3.14584 -1.18015
H -3.44655 1.71696 -0.845844
H -3.81037 3.26358 -0.0496999
H -2.36143 1.1816 2.69704
H -3.81788 2.00983 2.09764
H -3.27718 0.480588 1.34538
H 1.41233 0.970412 3.56566
H 1.12048 2.06473 2.20236
H -0.193201 1.04592 2.80533
H 3.34443 0.0342768 2.44531
H 3.21794 -0.831734 0.904174
H 3.10762 0.940022 0.938241
H -0.0315299 -1.48357 2.70499
H 1.39929 -2.27365 2.01987
H 1.55773 -1.26712 3.46881
H 2.97144 -2.91657 0.556638
H 1.59996 -4.04796 0.421346
H 2.9284 -4.09872 -0.76945
H 0.0194003 -3.90105 -1.61206
H 0.20209 -2.55131 -2.76831
H 1.42056 -3.85199 -2.71238
H 3.20711 -0.986453 -1.16652
H 3.23983 -2.2439 -2.42482
H 2.06579 -0.90433 -2.52166
H -3.25202 0.348671 -3.22443
H -2.77477 -1.37015 -3.33447
H -4.32934 -0.924654 -2.53631
H -1.06604 -6.0248 0.89496
H -1.9793 -5.02094 2.08221
H -2.61312 -5.22576 0.426357
 2 product 
 $coord  
C -6.80237 -0.715414 0.649633
C -6.24094 0.419839 -0.232284
C -6.57518 0.158474 -1.71719
C -4.7495 0.612006 -0.0239797
C -3.82359 -0.336258 -0.251201
C -2.3795 -0.207766 -0.039809
C -1.78421 0.612822 0.844561
C -0.302429 0.778964 1.04959
C 0.60377 -0.0874077 0.167593
C 2.09126 0.149348 0.45268
C 4.45431 -0.530821 -0.117042
C 5.3646 -0.0466546 -0.976337
C 6.7985 0.17848 -0.687206
O 7.58637 0.621888 -1.50409
O 7.15186 -0.159697 0.589722
C 8.54591 0.0427295 0.918833
C 3.00421 -0.721295 -0.438062
H -7.88879 -0.808523 0.513373
H -6.3383 -1.6723 0.376133
H -6.59625 -0.530086 1.71143
H -6.7407 1.35299 0.0628005
H -6.10401 -0.775425 -2.05144
H -6.20663 0.971911 -2.35484
H -7.6611 0.065875 -1.85718
H -4.41789 1.59409 0.318416
H -4.15687 -1.29737 -0.651406
H -1.75332 -0.860985 -0.64993
H -2.41755 1.22178 1.49408
H -0.0428343 1.84069 0.89421
H -0.0665132 0.582825 2.10969
H 0.395691 0.123657 -0.891477
H 0.366673 -1.14942 0.328732
H 2.33666 1.20885 0.291001
H 2.30229 -0.0664129 1.51085
H 4.7689 -0.784399 0.896427
H 5.08117 0.220724 -1.99348
H 8.64527 -0.275394 1.95989
H 9.18578 -0.560693 0.263864
H 8.8168 1.09936 0.806275
H 2.81524 -0.493429 -1.4962
H 2.73317 -1.77756 -0.276619
 3 product 
 $coord  
C 3.07197 0.266486 -1.06601
O 4.01649 -0.480225 -1.11455
C 2.14982 0.469468 0.135078
O 2.60472 -0.276224 1.24832
C 0.707269 0.055065 -0.270772
H 0.474615 0.493242 -1.25191
C -0.34361 0.581617 0.732027
O -0.00513329 0.231961 2.08978
C -1.77788 0.097542 0.421279
H -2.46684 0.625557 1.09161
C -2.22104 0.346706 -1.02425
O -3.60404 0.0557034 -1.20379
H 2.76538 0.891618 -1.94449
H 2.13377 1.55855 0.337512
H 1.92522 -0.133161 1.93589
O 0.63591 -1.37445 -0.42433
H -0.324464 1.67934 0.678638
H -0.482835 -0.594912 2.2773
O -1.92098 -1.29844 0.76159
H -1.59811 -0.260689 -1.70404
H -2.08676 1.40563 -1.28272
H -3.74227 -0.836114 -0.849518
H 1.30868 -1.74959 0.170796
H -1.2199 -1.75467 0.256549
 4 product 
 $coord  
C 11.7701 1.41797 -0.377697
C 13.2561 1.1345 -0.502518
C 10.8419 0.281896 -0.199422
C 9.49291 0.338488 0.478201
C 8.47297 -0.581196 -0.231875
C 7.10558 -0.563556 0.41592
C 6.05179 -0.037557 -0.230586
C 4.6286 0.0557158 0.244481
C 3.70912 -0.960742 -0.488042
C 2.25818 -0.859321 -0.0710603
C 1.32592 -0.424854 -0.935751
C -0.150528 -0.265208 -0.704607
C -0.98249 -1.29431 -1.52075
C -2.45984 -1.08253 -1.34477
C -3.33812 -1.85493 -0.682527
C -4.78804 -1.43698 -0.566172
C -5.21572 -1.11107 0.892217
C -6.65799 -0.696415 0.968222
C -7.16021 0.529388 1.19523
C -8.65602 0.75851 1.17365
C -9.1223 1.63335 -0.0234303
C -10.6093 1.85502 -0.0103778
C -11.5359 1.27479 -0.790935
C -13.0032 1.59521 -0.627998
C 11.4378 2.81636 0.105744
C 7.04796 -1.15798 1.80339
C 1.98019 -1.25924 1.35909
C -11.2385 0.272283 -1.87946
H 11.9143 3.55547 -0.552625
H 13.4247 0.114829 -0.867481
H 10.3597 2.99903 0.103742
H 11.8245 2.96815 1.12322
H 13.7172 1.8406 -1.20682
H 13.7511 1.25101 0.471689
H 11.2997 -0.716034 -0.177693
H 7.62087 -0.547852 2.51784
H 6.02708 -1.25496 2.18507
H 7.50987 -2.1571 1.80333
H 0.911753 -1.32848 1.58485
H 2.44068 -2.23611 1.57149
H 2.42888 -0.541018 2.0616
H -5.06366 -2.00724 1.51132
H -4.97528 -0.552494 -1.1891
H -2.84521 -0.158898 -1.78646
H -0.716879 -1.18333 -2.58388
H -0.411424 -0.364948 0.355207
H 1.65973 -0.184749 -1.94945
H 3.80031 -0.803565 -1.57148
H 6.22574 0.340075 -1.24187
H -13.42 2.00155 -1.5632
H -13.1725 2.32501 0.17323
H -13.5785 0.684455 -0.398167
H -11.7908 -0.661887 -1.69319
H -10.1754 0.0273053 -1.96356
H -11.5851 0.649961 -2.8542
H 9.61844 0.0250796 1.52514
H 4.55772 -0.102642 1.32618
O 10.9698 0.930496 -1.48978
C -2.99224 -3.15542 0.00246741
H -3.1263 -3.06892 1.09083
H -3.67227 -3.95303 -0.334097
H -1.96399 -3.47932 -0.183981
C -6.32968 1.76224 1.46013
H -6.45616 2.49643 0.650863
H -6.66706 2.25463 2.38517
H -5.2607 1.54892 1.55373
H -7.37569 -1.49948 0.777026
H -9.18353 -0.203153 1.12529
H -10.9657 2.54921 0.755671
H -8.61316 2.60634 0.0310265
H 8.39802 -0.266154 -1.28013
H 4.23925 1.06571 0.0456113
H -0.462335 0.746438 -1.00925
H 8.86937 -1.61036 -0.224213
H 4.08816 -1.97244 -0.272712
H 9.10416 1.36268 0.4815
H -0.674419 -2.30308 -1.22344
H -5.43796 -2.24417 -0.942335
H -4.54632 -0.336015 1.28366
H -8.96942 1.25525 2.1064
H -8.79051 1.15438 -0.952353
 5 product 
 $coord  
C -3.05716 0.239431 0.83301
C -3.74672 -0.962478 0.660972
C -3.10449 -2.04619 0.0533009
C -1.77836 -1.92122 -0.367698
C -1.0715 -0.71882 -0.213751
C -1.734 0.370831 0.3876
C 0.393065 -0.654056 -0.579311
C 1.29348 -0.966491 0.649097
C 2.76265 -0.863312 0.300888
C 3.38511 0.460691 0.205444
C 2.81098 1.63321 0.524234
C -1.04496 1.69959 0.599184
C -0.79964 2.57267 -0.578652
C -1.25735 2.31727 -1.81263
O -0.723321 2.07117 1.72363
C 3.49068 -1.96887 0.0433331
H -4.77698 -1.05192 0.999327
H -3.6328 -2.98735 -0.0868711
H -1.27134 -2.77036 -0.824962
H -3.54473 1.08837 1.30865
H 0.65852 0.333437 -0.9697
H 0.612381 -1.38756 -1.36541
H 1.06543 -1.9793 1.00319
H 1.03873 -0.272885 1.46024
H 4.54063 -1.90098 -0.239977
H 3.05403 -2.96365 0.119411
H 4.41844 0.463373 -0.149092
H 3.36501 2.56531 0.432785
H 1.79409 1.70133 0.903445
H -0.23961 3.48179 -0.358525
H -1.82533 1.41252 -2.02401
H -1.07493 3.00443 -2.63716
 6 product 
 $coord  
C 0.825783 0.565518 1.34547
C 1.72694 0.0717195 0.453547
C 2.97929 0.814677 0.17376
C 3.63827 1.54638 1.18296
C 4.79769 2.27153 0.903547
C 5.33239 2.27565 -0.390113
C 4.69706 1.54403 -1.39999
C 3.53811 0.817895 -1.12088
H 3.24499 1.521 2.19699
H 5.29431 2.82223 1.70063
H 6.23995 2.83599 -0.606471
H 5.10456 1.54069 -2.40947
H 3.04625 0.255443 -1.91084
C 1.50744 -1.18335 -0.313297
C 0.30992 -1.42304 -1.03431
C 0.119388 -2.64479 -1.70576
C 1.11072 -3.62156 -1.68581
C 2.30552 -3.38904 -0.989044
C 2.49675 -2.18074 -0.318364
N -0.628213 -0.369611 -1.10256
H -0.808061 -2.79164 -2.25288
H 0.961919 -4.55857 -2.21935
H 3.0872 -4.14615 -0.975004
H 3.42121 -1.9976 0.224833
N -1.83267 -0.730344 -1.17759
C -2.76814 0.336365 -1.25568
C -4.11776 -0.0492124 -1.21172
C -5.12527 0.917214 -1.24158
C -4.78913 2.27297 -1.32001
C -3.44011 2.6599 -1.37038
C -2.43003 1.70264 -1.33739
H -4.35012 -1.10945 -1.14109
H -6.16994 0.614945 -1.20197
H -5.57235 3.02848 -1.34512
H -3.18241 3.71583 -1.43451
H -1.38111 1.98383 -1.36706
H 1.02311 1.56488 1.73629
C -0.411645 -0.0486697 1.83463
C -1.50868 0.784827 2.13229
C -2.72532 0.249139 2.55548
C -2.86453 -1.13366 2.71251
C -1.77256 -1.97181 2.45364
C -0.558773 -1.43743 2.02437
H -1.40698 1.86057 1.99769
H -3.56721 0.909818 2.7536
H -3.81309 -1.55536 3.03942
H -1.86815 -3.0476 2.58915
H 0.283475 -2.09451 1.82741
 7 product 
 $coord  
C -4.15324 -1.68878 0.634182
C -5.42961 -0.823124 0.688598
C -5.07851 0.668236 0.751624
C -4.20386 1.05688 -0.457722
C -2.96547 0.187919 -0.573711
C -3.2274 -1.26841 -0.494668
C 1.03568 2.0632 -1.1968
C 0.756012 0.601997 -0.907833
C -0.466086 0.0538398 -0.711551
C -1.73349 0.749834 -0.689632
C 2.05596 2.67934 -0.203455
C 2.03108 -0.190511 -0.835771
C 3.33292 1.82397 -0.074093
C 2.99328 0.365129 0.263697
C 2.03072 -1.70773 -0.589778
C 4.17225 -0.628372 0.117332
C 2.35612 0.268215 1.6641
C 3.47425 -2.00875 -0.0763256
C -2.72567 -2.15746 -1.36691
O -6.24804 1.49676 0.845113
C 5.21318 -0.610276 1.23738
H -4.41102 -2.75078 0.536787
H -3.61647 -1.56535 1.5888
H -6.03231 -1.00142 -0.216689
H -6.04177 -1.09262 1.55845
H -4.52019 0.869614 1.67544
H -4.82937 0.924358 -1.35945
H -3.93216 2.11724 -0.390947
H 0.120859 2.66465 -1.20666
H 1.47107 2.1274 -2.20865
H -0.514422 -1.01988 -0.542446
H -1.70601 1.83938 -0.731971
H 2.31599 3.693 -0.537149
H 1.58039 2.77849 0.781177
H 2.56539 -0.0128209 -1.78714
H 3.87815 1.83869 -1.03125
H 3.99752 2.25281 0.689745
H 1.77475 -2.26979 -1.49536
H 1.29213 -1.96808 0.177521
H 4.67677 -0.365061 -0.825424
H 1.37938 0.762086 1.68647
H 2.20777 -0.776381 1.96139
H 3.00638 0.744277 2.40866
H 4.03803 -2.63697 -0.776318
H 3.43816 -2.54694 0.879959
H -2.95736 -3.2188 -1.27983
H -2.08213 -1.84403 -2.186
H -6.76151 1.35174 0.0367127
H 4.76303 -0.907984 2.1932
H 6.03093 -1.31011 1.01802
H 5.64797 0.39139 1.35917
 8 product 
 $coord  
C -3.45201 1.186 1.17449
C -2.12702 1.30971 1.43538
C -1.01776 0.73754 0.645463
C -1.09311 0.998842 -0.922346
C -1.50142 -0.180173 -1.71111
C -2.75463 -0.691561 -1.69367
C -3.9361 -0.257545 -0.978169
C -4.20175 0.49517 0.140015
C 0.366438 1.43445 0.692991
C 0.393762 1.49507 -0.885935
C 1.37526 0.764488 1.57443
C 2.70983 0.90728 1.60832
C 3.54869 1.68548 0.704637
C 3.59738 1.67101 -0.640772
C 2.88779 0.839707 -1.64322
C 1.3603 0.735563 -1.75896
N 2.17275 -0.393415 -1.4005
C 2.20792 -1.33323 -0.400187
O 3.21789 -1.77701 0.107349
O 0.934831 -1.77604 -0.155886
C 0.818378 -2.8232 0.843786
C -0.628722 -3.2876 0.850638
H -4.10661 1.71184 1.87171
H -1.84578 1.96284 2.26466
H -0.905728 -0.338105 0.801484
H -1.7843 1.82934 -1.10032
H -0.737993 -0.726732 -2.262
H -2.93024 -1.55757 -2.33467
H -4.84583 -0.664383 -1.42582
H -5.27472 0.586752 0.320829
H 0.241659 2.47 1.04656
H 0.464295 2.53553 -1.2287
H 0.927866 0.137633 2.34904
H 3.24099 0.423622 2.43007
H 4.28756 2.32093 1.19941
H 4.32814 2.33226 -1.10779
H 3.41613 0.830795 -2.60023
H 0.991048 0.686721 -2.78883
H 1.12126 -2.41112 1.81599
H 1.50804 -3.63776 0.592111
H -1.31107 -2.46696 1.10143
H -0.750222 -4.08143 1.59922
H -0.913176 -3.68473 -0.130895
 9 product 
 $coord  
C -2.956 -0.589973 -0.548313
C -1.82007 0.344712 -1.03249
C -0.471059 -0.407691 -0.901561
C -0.254596 -0.464167 0.664934
C -1.50288 0.273618 1.21244
C -2.73958 -0.635179 1.00627
C -1.73533 1.35694 0.134077
C 0.689566 0.298151 -1.6146
C 2.05148 -0.309995 -1.23447
C 2.25834 -0.438891 0.311553
C 1.07637 0.170845 1.08561
C 3.59064 0.178478 0.756626
H -2.88711 -1.5828 -1.0105
H -3.93861 -0.1695 -0.796585
H -1.98589 0.76768 -2.03031
H -0.561518 -1.42444 -1.30886
H -0.254149 -1.50861 1.00709
H -1.37944 0.632139 2.24114
H -2.56038 -1.65271 1.37587
H -3.61152 -0.23152 1.53609
H -0.900935 2.06145 0.0395056
H -2.66547 1.92079 0.283369
H 0.544361 0.243443 -2.70225
H 0.680538 1.36443 -1.34957
H 2.85268 0.306536 -1.66636
H 2.13945 -1.30322 -1.69676
H 2.28006 -1.51008 0.56297
H 1.22951 0.0289649 2.16468
H 1.04694 1.2565 0.910248
H 3.59979 1.25645 0.537886
H 4.43626 -0.280453 0.225998
H 3.74856 0.0481061 1.83627
 10 product 
 $coord  
C -1.51031 0.626061 0.264974
C -2.64799 0.706498 1.08995
C -3.84604 0.110962 0.69986
C -3.93599 -0.578655 -0.516584
C -2.80594 -0.658307 -1.33319
C -1.59594 -0.0633021 -0.95652
O -0.398117 1.2421 0.769743
C 0.892904 1.24008 0.072058
C 1.39651 -0.174142 -0.28878
C 1.22124 -1.25197 0.505556
C 0.555288 -1.24313 1.86529
C 1.65656 -2.65293 0.116523
C 2.16308 -0.236984 -1.5937
C 0.754668 2.19596 -1.13249
C 1.85638 1.87765 1.08582
H -2.5671 1.23976 2.03442
H -4.71466 0.184807 1.35202
H -4.87057 -1.04503 -0.81997
H -2.85571 -1.19118 -2.28139
H -0.731976 -0.158677 -1.60121
H -0.460621 -1.65992 1.78726
H 0.470455 -0.253999 2.31364
H 1.11759 -1.89878 2.54682
H 1.7857 -2.79798 -0.959879
H 2.60066 -2.92229 0.616591
H 0.902564 -3.37546 0.459575
H 2.68118 -1.18755 -1.73459
H 2.92611 0.553778 -1.62459
H 1.50889 -0.0682753 -2.46284
H 0.097386 1.79593 -1.90891
H 1.73238 2.40894 -1.57661
H 0.327543 3.1356 -0.765877
H 1.93228 1.26269 1.98708
H 1.51001 2.8827 1.35827
H 2.85159 1.95504 0.631697
 11 product 
 $coord  
C 4.13676 1.30101 0
C 2.86461 0.684345 0
C 2.72851 -0.763992 0
C 3.88418 -1.55762 0
C 5.1268 -0.92341 0
C 5.26048 0.490322 0
C 1.54293 1.15989 0
C 0.696398 -0.036686 0
N 1.41057 -1.18098 0
C -0.696398 0.036686 0
C -1.54293 -1.15989 0
C -2.86461 -0.684345 0
C -2.72851 0.763992 0
N -1.41057 1.18098 0
C -4.13676 -1.30101 0
C -5.26048 -0.490322 0
C -5.1268 0.92341 0
C -3.88418 1.55762 0
O -1.067 -2.39321 0
O 1.067 2.39321 0
H -4.22221 -2.38546 0
H -6.25395 -0.931467 0
H -6.02813 1.53411 0
H -3.80395 2.64226 0
H -0.0593324 -2.31772 0
H 0.0593324 2.31772 0
H 3.80395 -2.64226 0
H 6.02813 -1.53411 0
H 6.25395 0.931467 0
H 4.22221 2.38546 0
 12 product 
 $coord  
C 2.6558 -0.417435 0.707361
C 2.0717 0.418147 -0.260304
C 2.90923 1.0827 -1.18066
C 4.28573 0.91344 -1.13206
C 4.86207 0.0746702 -0.160153
C 4.03562 -0.592915 0.764383
C 0.620492 0.573216 -0.290045
N -0.235694 0.0135286 0.479412
C -1.56481 0.47841 0.0711219
C -1.27755 1.42215 -1.11741
O 0.113429 1.4337 -1.27214
C -2.14159 1.32481 1.2711
C -3.55295 1.80032 1.1256
F -4.47059 0.865826 1.51928
C -2.49003 -0.685545 -0.296716
C -2.28979 -1.94036 0.297189
C -3.16186 -2.99708 0.0235269
C -4.2416 -2.81329 -0.84576
C -4.44399 -1.56313 -1.43715
C -3.57574 -0.502394 -1.16476
O -1.9922 2.08984 -1.80898
O 6.22017 -0.0259084 -0.195197
C 6.8592 -0.869491 0.772811
C -3.9705 2.98695 0.693346
H -5.02912 3.22341 0.636969
H -3.24345 3.72341 0.368181
H -1.44716 -2.08337 0.967174
H -2.99461 -3.96613 0.490301
H -4.91948 -3.63743 -1.05998
H -5.28196 -1.40799 -2.11401
H -3.74829 0.467534 -1.62004
H -2.06563 0.677061 2.15189
H -1.48325 2.18779 1.42377
H 2.47292 1.73078 -1.93501
H 4.93766 1.42077 -1.83842
H 4.45891 -1.24451 1.52215
H 2.0111 -0.929715 1.41658
H 7.92927 -0.801973 0.561053
H 6.52194 -1.91152 0.670182
H 6.65662 -0.51827 1.79541
 13 product 
 $coord  
C -4.12622 -0.752995 0.229959
C -4.34216 0.300684 -0.666487
C -3.26163 1.10944 -1.03591
C -1.98113 0.877038 -0.528904
C -1.76793 -0.182234 0.370475
C -2.85438 -0.993908 0.749606
N -0.488407 -0.492371 0.857905
N 0.488407 0.492371 0.857905
C 1.76793 0.182234 0.370475
C 2.85438 0.993908 0.749606
C 4.12622 0.752995 0.229959
C 4.34216 -0.300684 -0.666487
C 3.26163 -1.10944 -1.03591
C 1.98113 -0.877038 -0.528904
H -0.469153 -1.11918 1.65844
H 0.469153 1.11918 1.65844
H -4.95483 -1.39035 0.533638
H -5.33569 0.48918 -1.06661
H -3.41234 1.93275 -1.73215
H -1.14154 1.50162 -0.819767
H -2.69409 -1.81388 1.4498
H 2.69409 1.81388 1.4498
H 4.95483 1.39035 0.533638
H 5.33569 -0.48918 -1.06661
H 3.41234 -1.93275 -1.73215
H 1.14154 -1.50162 -0.819767
 14 product 
 $coord  
C -1.35638 2.12763 -0.654007
C -2.65222 1.75563 -0.292767
C -2.90548 0.454054 0.153058
C -1.86072 -0.467483 0.220499
C -0.53966 -0.111261 -0.111996
C -0.306066 1.21169 -0.548059
H -1.13871 3.125 -1.02877
H -3.46206 2.47839 -0.367275
H -3.9125 0.155448 0.435085
H -2.0661 -1.48038 0.55676
C 0.57311 -1.12022 -0.00101029
O 0.9385 1.6089 -1.01312
C 1.92817 2.11103 -0.153398
O 2.98828 2.39775 -0.635067
C 1.53429 2.27455 1.29711
O 1.68963 -0.797396 0.374748
C 0.239438 -2.56023 -0.391226
C 1.46196 -3.48021 -0.429606
H 0.619254 2.87262 1.3887
H 2.35794 2.7588 1.82629
H 1.34095 1.28633 1.72799
H -0.278681 -2.53555 -1.3614
H -0.505878 -2.93972 0.325436
H 2.19583 -3.11674 -1.15805
H 1.16125 -4.49774 -0.707814
H 1.95586 -3.51088 0.547894
 15 product 
 $coord  
C 0.836524 0.131713 1.26751
C 1.55711 -0.392344 0
C 0.836524 0.131713 -1.26751
C -0.659167 -0.144523 -1.26332
C -1.33162 0.377349 0
C -0.659167 -0.144523 1.26332
C 1.57542 -1.9242 0
O 2.95105 -0.0225482 0
C 1.61963 0.0982583 -2.55374
C 1.28407 1.42607 -1.90904
C -1.16179 -1.43986 -1.86137
C -1.40832 -0.130802 -2.57398
C -2.81457 0.654994 0
C -1.83139 1.80444 0
C -1.16179 -1.43986 1.86137
C -1.40832 -0.130802 2.57398
C 1.28407 1.42607 1.90904
C 1.61963 0.0982583 2.55374
H 0.556968 -2.31665 0
H 2.09653 -2.28293 -0.893911
H 2.09653 -2.28293 0.893911
H 2.99754 0.943048 0
H 0.503591 2.02578 2.36866
H 2.10232 2.00869 1.48863
H 2.64956 -0.242894 2.466
H 1.12851 -0.183101 3.48396
H -0.431079 -2.11111 2.29247
H -2.01481 -1.91294 1.37978
H -2.42005 0.27606 2.59684
H -0.850806 0.079644 3.4835
H -3.38334 0.465161 0.90433
H -3.38334 0.465161 -0.90433
H -1.72162 2.37474 -0.925222
H -1.72162 2.37474 0.925222
H -2.01481 -1.91294 -1.37978
H -0.431079 -2.11111 -2.29247
H -0.850806 0.079644 -3.4835
H -2.42005 0.27606 -2.59684
H 1.12851 -0.183101 -3.48396
H 2.64956 -0.242894 -2.466
H 2.10232 2.00869 -1.48863
H 0.503591 2.02578 -2.36866
 16 product 
 $coord  
C -3.97585 -1.77409 -0.628527
C -3.87374 -0.708938 0.306073
C -2.697 0.0345169 0.401479
C -1.62865 -0.296085 -0.437194
C -1.7211 -1.33432 -1.35954
C -2.89932 -2.08165 -1.4604
C -0.446441 -1.48021 -2.15087
C 0.593147 -0.582552 -1.41829
C -0.277086 0.419485 -0.500352
C 0.334304 0.549265 0.869443
C 0.626777 1.75492 1.39545
C 0.337172 3.03433 0.720017
C -0.183842 2.93013 -0.678633
C -0.452672 1.722 -1.21834
N 1.52378 -1.36235 -0.602601
C 0.922921 -1.89572 0.625853
C 0.598021 -0.741656 1.60938
O 0.503242 4.11357 1.29386
O -0.50789 4.05778 -1.3856
C 0.544046 5.03747 -1.55726
C 2.87547 -1.09725 -0.717115
O 3.57482 -1.65889 0.316971
C 5.02039 -1.50781 0.243945
C 5.60493 -2.1731 1.47809
O -5.00795 -0.51313 1.06285
C -4.99892 0.573 1.99661
O -5.12369 -2.51339 -0.724779
O 3.39439 -0.476843 -1.63071
H -5.76327 -2.1579 -0.0869349
H 1.06634 1.84145 2.38921
H -0.870606 1.67243 -2.22301
H 0.130276 5.78927 -2.23644
H 0.817766 5.49298 -0.600614
H 1.42558 4.56847 -2.02073
H -0.29241 -1.01708 2.19411
H 1.42485 -0.59095 2.31322
H 1.59357 -2.62392 1.0817
H 0.00107355 -2.40855 0.333347
H 1.19165 -0.00535149 -2.12229
H -0.57935 -1.12856 -3.18395
H -0.0878202 -2.51592 -2.20653
H -2.60346 0.856737 1.10538
H -3.00288 -2.90112 -2.16837
H -4.21299 0.429833 2.75326
H -5.98237 0.566416 2.47389
H -4.83632 1.52988 1.47913
H 5.2623 -0.438825 0.201002
H 5.37854 -1.97468 -0.682092
H 5.23293 -1.69554 2.39291
H 6.69838 -2.07825 1.4569
H 5.34894 -3.23933 1.50709
 17 product 
 $coord  
C 4.23498 -0.881485 2.26035
C 4.20666 -0.214902 3.49306
C 3.13773 0.637663 3.79032
C 2.11526 0.826499 2.85979
C 2.14362 0.187865 1.59976
C 3.21968 -0.686576 1.3263
C 1.02866 0.412562 0.682473
C 0.981173 0.305902 -0.680329
C -0.282733 0.407519 -1.4056
C -1.52097 0.0117122 -0.990065
C -1.82703 -0.754218 0.191885
C -3.05738 -0.992413 0.724025
C -6.7798 -0.622855 0.287049
C -5.52571 -1.12988 0.625082
C -4.3439 -0.401669 0.358447
C -4.47736 0.881218 -0.219039
C -5.73356 1.38957 -0.552036
C -6.89014 0.638847 -0.310322
C 4.42966 0.873275 -2.17668
C 3.3052 1.00159 -1.36119
C 2.19371 0.156912 -1.53305
C 2.22986 -0.803759 -2.55857
C 3.35959 -0.938922 -3.37138
C 4.46393 -0.102116 -3.18162
H 5.05146 -1.56371 2.03028
H 5.00315 -0.369754 4.2183
H 3.09771 1.14992 4.74993
H 1.27922 1.48324 3.09741
H 3.24848 -1.21813 0.380538
H 0.103957 0.71908 1.17086
H -0.207957 0.820908 -2.41222
H -2.35461 0.225139 -1.65876
H -0.97966 -1.24864 0.668394
H -3.10859 -1.73437 1.5226
H -7.67369 -1.2088 0.493329
H -5.44433 -2.11094 1.09143
H -3.59278 1.49311 -0.369448
H -5.81213 2.38351 -0.989155
H -7.86816 1.03956 -0.569355
H 5.2803 1.53682 -2.03188
H 3.2786 1.75399 -0.576939
H 1.36935 -1.45414 -2.7046
H 3.37617 -1.69619 -4.15316
H 5.34236 -0.202954 -3.81622
 18 product 
 $coord  
C -0.89452 0.141164 -0.793243
C -0.142085 -0.549811 -1.64575
N 0.517072 -1.17342 -2.46036
C 1.70095 -2.01543 -2.08554
C 2.35511 -1.59549 -0.793716
C 1.70837 -1.84338 0.427133
C 2.25995 -1.33032 1.59572
C 3.43608 -0.582918 1.60311
C 4.07869 -0.34957 0.383559
C 3.54009 -0.846261 -0.807634
H 0.780293 -2.40721 0.473353
F 1.6265 -1.56454 2.77421
H 3.82802 -0.201404 2.54195
H 4.99929 0.229664 0.365005
H 4.03254 -0.6432 -1.75654
C -0.476212 1.518 -0.418612
C -2.09348 -0.505267 -0.203404
C -2.5048 -0.179492 1.10397
C -3.60869 -0.810147 1.68079
C -4.32136 -1.78324 0.970862
C -3.91951 -2.11738 -0.327671
C -2.82233 -1.48191 -0.911324
H -1.94871 0.566982 1.665
H -5.18153 -2.27302 1.42277
H -4.47105 -2.86574 -0.894142
H -2.52763 -1.72972 -1.92967
C -1.43867 2.53046 -0.245031
C -1.0514 3.8269 0.098243
C 0.302944 4.13898 0.268827
C 1.26645 3.13882 0.099885
C 0.882002 1.83821 -0.233055
H -2.4906 2.29216 -0.382809
H -1.80889 4.59829 0.22589
H 0.602462 5.15028 0.536944
H 2.32144 3.36649 0.242733
H 1.63117 1.05666 -0.330063
H -3.90839 -0.545303 2.69327
H 1.33428 -3.04905 -2.03442
H 2.40616 -1.94987 -2.92024
 19 product 
 $coord  
C 2.06971 1.44259 0.0342541
C 0.899257 1.53249 -0.998376
C 0.163397 0.182934 -0.77468
C 1.00326 -0.44919 0.401615
C 2.32218 -0.94333 -0.274696
C 3.06381 0.378375 -0.541654
O 1.42977 0.72775 1.10393
C 0.337489 -1.42269 1.34254
C 2.68836 2.73348 0.510298
C 3.66264 -0.666059 0.392153
N -1.14512 0.672607 -0.350391
N -1.17079 2.04324 -0.271468
N -0.0894594 2.57453 -0.609037
H 1.24356 1.73272 -2.01553
H 0.0836329 -0.462059 -1.65164
CL 2.12111 -2.288 -1.4158
CL 3.87265 0.837719 -2.04974
H 0.0868672 -2.34783 0.815425
H -0.581595 -0.981985 1.74025
H 1.02105 -1.64964 2.16718
H 3.17705 3.23862 -0.329903
H 3.43006 2.52235 1.28742
H 1.90404 3.38547 0.906358
CL 3.87016 -0.4263 2.17037
CL 5.06655 -1.58107 -0.227294
C -2.32153 -1.43959 -0.627989
C -3.48943 -2.19841 -0.520216
C -4.66887 -1.62752 -0.0361216
C -4.6669 -0.278466 0.340937
C -3.51082 0.493658 0.243084
C -2.32359 -0.0859305 -0.245889
H -1.41355 -1.90383 -0.999826
H -3.46949 -3.24452 -0.819337
H -5.57531 -2.22231 0.0479982
H -5.57691 0.181746 0.720925
H -3.51323 1.53844 0.534862
 20 product 
 $coord  
C 0.619373 -0.471982 -1.95086
C -0.619373 0.471982 -1.95086
C -1.4764 0.363113 -0.71958
C 1.4764 -0.363113 -0.71958
C -1.19714 1.11687 0.428841
C -1.96642 0.945882 1.58178
C -3.00763 0.0109985 1.60197
C -3.28486 -0.746886 0.459142
C -2.5249 -0.565984 -0.699897
H -0.3806 1.83288 0.41135
H -1.74796 1.53794 2.46836
H -3.60323 -0.123243 2.50295
H -4.09657 -1.47167 0.467062
H -2.73711 -1.15328 -1.59135
C 1.19714 -1.11687 0.428841
C 1.96642 -0.945882 1.58178
C 3.00763 -0.0109985 1.60197
C 3.28486 0.746886 0.459142
C 2.5249 0.565984 -0.699897
H 0.3806 -1.83288 0.41135
H 1.74796 -1.53794 2.46836
H 3.60323 0.123243 2.50295
H 4.09657 1.47167 0.467062
H 2.73711 1.15328 -1.59135
H -1.20603 0.236046 -2.84898
F -0.114992 1.78123 -2.11078
F 0.114992 -1.78123 -2.11078
H 1.20603 -0.236046 -2.84898
 21 product 
 $coord  
C 0.625579 -2.24163 -0.0861207
C -0.175482 -3.22644 0.337883
H -0.959718 -3.03805 1.0705
H -0.0605802 -4.24667 -0.0261543
C 1.71162 -2.4481 -1.10791
H 2.69788 -2.2362 -0.673082
H 1.70293 -3.47369 -1.49418
H 1.58609 -1.74998 -1.94756
C 0.4725 -0.839337 0.473767
N 0.262204 0.17271 -0.578091
C -1.03497 0.0565752 -1.27634
C -2.21322 0.381593 -0.379366
C -3.10223 -0.625118 0.0184772
C -4.1785 -0.332449 0.86432
C -4.36901 0.974388 1.32281
C -3.4818 1.98532 0.930704
C -2.40947 1.69229 0.084621
H -2.94555 -1.64268 -0.337192
H -4.86369 -1.12294 1.16556
H -5.20425 1.20579 1.9813
H -3.63052 3.00499 1.28192
H -1.7167 2.47012 -0.228867
C 0.985765 1.33155 -0.741513
C 2.36296 1.43477 -0.196586
O 0.551924 2.31281 -1.3563
C 3.09241 2.56929 0.0498082
C 4.393 2.16124 0.469916
C 4.37061 0.794265 0.436442
H 2.72076 3.57767 -0.0741272
H 5.23274 2.78129 0.752444
O 3.16285 0.318886 0.0373533
CL 5.57889 -0.379959 0.791257
H -0.395189 -0.806647 1.14757
H 1.35519 -0.569561 1.05618
H -1.0076 0.731394 -2.1363
H -1.11741 -0.977499 -1.63315
 22 product 
 $coord  
N 2.01719 1.27404 0.0201554
C 1.54749 0.0699556 0.397743
C 0.254681 -0.0862709 0.91076
C -0.679749 0.979702 0.984189
C -2.13505 0.620023 1.47254
O -0.480895 2.1689 0.674613
C -3.11323 0.399029 0.251529
C -4.53696 -0.210264 0.605244
C -5.57185 0.0216443 -0.537601
C -6.96806 -0.624701 -0.304897
C 2.42591 -1.12548 0.30546
C 3.7337 -1.09982 0.821653
C 4.53531 -2.24117 0.771194
C 4.04376 -3.41943 0.197226
C 2.74374 -3.45272 -0.318381
C 1.93612 -2.31453 -0.260096
H 4.10779 -0.187597 1.27999
H 5.54099 -2.21377 1.18574
H 4.67007 -4.30821 0.155991
H 2.35717 -4.36582 -0.766178
H 0.925115 -2.33423 -0.660379
C 3.16672 1.56984 -0.847929
C 2.65565 2.17033 -2.16682
C 4.13459 2.5201 -0.131015
H 3.67562 0.625849 -1.06025
H 4.98806 2.74973 -0.781298
H 3.62837 3.46204 0.118858
H 4.50841 2.07245 0.797499
H 3.50124 2.39769 -2.82823
H 1.98361 1.47034 -2.67714
H 2.10731 3.10234 -1.97462
H 1.33575 2.03167 0.147137
H -0.030929 -1.07033 1.25836
F -2.1515 -0.531564 2.22538
F -2.61317 1.63085 2.24713
F -3.31492 1.60182 -0.362809
F -2.49987 -0.439377 -0.632105
F -5.01026 0.411219 1.72496
F -4.39566 -1.53541 0.870884
H -5.72753 1.10173 -0.635957
F -5.07136 -0.479157 -1.72374
F -7.77599 -0.280535 -1.33916
F -6.91639 -1.96806 -0.248495
F -7.53099 -0.162828 0.832873
 23 product 
 $coord  
C 1.25301 0.596369 0.669665
C 2.13898 -0.713232 0.885711
C 2.69439 -1.03677 -0.531511
C 2.04755 0.0572013 -1.40906
C 0.498133 -0.147168 -1.54582
C 0.0457396 0.107907 -0.0972391
C 2.09337 1.26 -0.470472
C 1.09394 1.5203 1.8792
C -0.0198807 0.934873 -2.55637
C 0.112306 -1.55159 -2.05372
C -2.98562 -0.152878 2.17527
C -1.62685 -0.30162 1.78475
C -1.25777 -0.104198 0.382361
C -2.35649 -0.0538639 -0.554175
C -3.65994 0.0244599 -0.142868
C -3.9803 0.0114408 1.24265
H 2.92868 -0.448546 1.59837
H 1.58298 -1.56608 1.2969
H 2.45532 -2.05202 -0.857629
H 3.78341 -0.927501 -0.553638
H 2.51742 0.176566 -2.38853
H 3.09616 1.50099 -0.100998
H 1.63052 2.17004 -0.861852
H 0.874644 1.01576 2.82298
H 2.03742 2.06047 2.01876
H 0.302897 2.25835 1.69999
H -0.128051 1.92316 -2.10034
H 0.70152 1.01084 -3.37753
H -0.980889 0.652067 -2.99528
H 0.382233 -2.33232 -1.33497
H -0.959662 -1.63186 -2.25505
H 0.649892 -1.74491 -2.99015
H -3.23858 -0.229348 3.23063
N -0.754189 -0.734293 2.70904
H -2.14354 0.024544 -1.60745
CL -4.95459 0.178464 -1.30818
H -5.0165 0.105046 1.55722
H 0.203608 -0.948511 2.48348
H -1.06125 -0.912138 3.65584
 24 product 
 $coord  
C -2.80776 -0.9577 -0.269565
C -2.50776 -0.378577 -1.66507
C -0.997889 -0.11353 -1.61892
C -0.718495 0.341495 -0.144387
C -2.01025 0.00286747 0.646419
C 0.572705 -0.00457913 0.415828
C 1.74988 0.0926783 -0.436194
C 0.742723 -0.194316 1.87361
C 2.06055 1.65749 -0.366528
SI 3.35624 -0.995216 -0.0829624
H 1.47267 -0.0904717 -1.4811
C 0.826942 2.39433 -0.905429
H 2.29076 1.95539 0.662136
H 2.94964 1.84973 -0.977123
C -0.45253 2.03079 -0.142822
H 0.978735 3.47919 -0.817212
H 0.716198 2.17274 -1.97213
C -0.514463 2.67999 1.23899
H -1.34071 2.31898 -0.718343
H -1.34416 2.29769 1.84206
H 0.415807 2.54815 1.80175
H -0.672899 3.75722 1.1071
C 4.30812 -0.894956 -1.71811
C 4.36786 -0.255003 1.34143
C 2.78295 -2.76332 0.291953
H 5.24204 -1.46918 -1.64573
H 3.72526 -1.31164 -2.55068
H 4.57767 0.139085 -1.97263
H 5.34875 -0.749323 1.37966
H 4.5521 0.818356 1.20016
H 3.89962 -0.398214 2.32394
H 3.64906 -3.43609 0.35756
H 2.24613 -2.83341 1.24749
H 2.1268 -3.14862 -0.500882
H 1.75978 0.0315055 2.20483
H 0.000236864 0.347211 2.46424
H 0.565955 -1.26973 2.06023
C -4.26795 -1.07992 0.108486
C -5.148 0.127666 -0.108141
C -4.74319 -2.22421 0.615918
H -6.14724 -0.0368023 0.308064
H -4.72899 1.03022 0.361113
H -5.25753 0.347473 -1.17974
H -5.7881 -2.32638 0.903517
H -4.10166 -3.09493 0.748791
H -2.34565 -1.95401 -0.206181
H -2.78757 -1.05557 -2.47879
H -3.05604 0.562366 -1.80122
H -0.455468 -1.04765 -1.81243
H -0.666241 0.618957 -2.35915
H -1.82539 -0.432471 1.63148
H -2.59923 0.91422 0.794724
